TEfam	flybase_name	fb_id	TEsubclass	TEclass	Chrom	Pos	Class	Strand	C1	C2	C3	C4	C5	S1	S2	S3	S4	S5	AvFreq	AvFreqC	AvFreqS	dFreq	Df	ResidDf	Fval	Pval	Bonf005
1360	1360	FBte0000559	TIR	DNA	2L	23189400	TIR	F	0.666	0.498	0.721	0.338	0.415	0.524	0.538	0.705	0.575	0.843	0.5823	0.5276	0.637	0.1094	1	8	1.34324192060787	0.279885664521577	FALSE
1360	1360	FBte0000559	TIR	DNA	2L	23233703	TIR	F	0.727	0.85	0.409	0.727	0.582	0.872	0.765	0.475	0.788	0.873	0.7068	0.659	0.7546	0.0956	1	8	0.919003664279466	0.365808430117095	FALSE
1360	1360	FBte0000559	TIR	DNA	2L	23329205	TIR	F	0.6	0.889	0.889	0.174	0.444	0.917	0.833	0.952	1	0.818	0.7516	0.5992	0.904	0.3048	1	8	5.20790430451761	0.0519022741561705	FALSE
1360	1360	FBte0000559	TIR	DNA	3R	866578	TIR	R	0.667	1	1	0	0.667	1	1	0.9	1	1	0.8234	0.6668	0.98	0.3132	1	8	2.82973832190384	0.13103596071946	FALSE
1360	1360	FBte0000559	TIR	DNA	3L	23411189	TIR	FR	0.857	0.817	0.718	0.414	0.561	0.762	0.816	0.889	0.74	0.75	0.7324	0.6734	0.7914	0.118	1	8	1.71966764862642	0.226119907765047	FALSE
1360	1360	FBte0000559	TIR	DNA	2R	2784153	TIR	FR	0.635	0.717	0.6	0.583	0.763	0.833	0.987	0.443	1	1	0.7561	0.6596	0.8526	0.193	1	8	4.35318843626701	0.0704078741559576	FALSE
1360	1360	FBte0000559	TIR	DNA	2R	635154	TIR	R	0.827	0.824	0.9	0.714	0.905	0.932	0.978	0.833	0.96	0.809	0.8682	0.834	0.9024	0.0684	1	8	2.32204493850296	0.166056523057213	FALSE
1360	1360	FBte0000559	TIR	DNA	2R	1268572	TIR	R	0.697	0.33	0.536	0.104	0.111	0.923	0.782	0.641	1	1	0.6124	0.3556	0.8692	0.5136	1	8	13.4400491446505	0.00634538926403071	FALSE
1360	1360	FBte0000559	TIR	DNA	2R	1337341	TIR	F	0	0.094	0	0.144	0.076	0.313	0.129	0.524	0.059	0	0.1339	0.0628	0.205	0.1422	1	8	1.63605921174109	0.236718405388917	FALSE
1360	1360	FBte0000559	TIR	DNA	4	53615	TIR	F	0.9	1	0.5	1	0.9	0.917	0.875	0.75	0.857	0.889	0.8588	0.86	0.8576	-0.00239999999999996	1	8	0.406107056242073	0.541755588523985	FALSE
1360	1360	FBte0000559	TIR	DNA	4	295767	TIR	R	0.706	0.7	0.9	0.556	0.9	0.9	1	0.963	1	1	0.8625	0.7524	0.9726	0.2202	1	8	14.9975015659934	0.00472353709943337	FALSE
1360	1360	FBte0000559	TIR	DNA	X	21776446	TIR	R	0.75	0.741	0.85	0.667	0.545	0.962	0.982	0.942	0.875	1	0.8314	0.7106	0.9522	0.2416	1	8	20.8022090084928	0.00184761763574321	FALSE
1360	1360	FBte0000559	TIR	DNA	X	22728192	TIR	F	0	0.7	0.556	0	0.749	0.644	0.388	0.944	0.411	0.509	0.4901	0.401	0.5792	0.1782	1	8	1.35054489869565	0.278677545813561	FALSE
1360	1360	FBte0000559	TIR	DNA	X	22945043	TIR	F	0.198	0.062	0.038	0.319	0	0.249	0.159	0.021	0.158	0.08	0.1284	0.1234	0.1334	0.00999999999999998	1	8	0.185332634624973	0.678193046831848	FALSE
1360	1360	FBte0000559	TIR	DNA	3R	560570	TIR	F	1	1	1	0.5	1	1	1	1	1	1	0.95	0.9	1	0.1	1	8	0.999999999999997	0.346593507087335	FALSE
1360	1360	FBte0000559	TIR	DNA	3R	801187	TIR	R	0.807	0.841	0.871	0.592	0.883	0.828	0.786	0.948	0.598	0.646	0.78	0.7988	0.7612	-0.0376	1	8	0.135460662006486	0.722383937296622	FALSE
1360	1360	FBte0000559	TIR	DNA	3R	2974224	TIR	F	0.833	0.857	0.556	0.111	0.206	1	1	0.692	0.47	0.838	0.6563	0.5126	0.8	0.2874	1	8	3.02484424370535	0.120188972044336	FALSE
1360	1360	FBte0000559	TIR	DNA	3R	945434	TIR	R	0.333	0.833	1	0.572	0.649	0.812	0.714	0.897	0.373	0.401	0.6584	0.6774	0.6394	-0.038	1	8	0.173451930247325	0.688011475497329	FALSE
1360	1360	FBte0000559	TIR	DNA	3R	971010	TIR	F	1	1	0.5	0.666	0.6	1	1	1	1	1	0.8766	0.7532	1	0.2468	1	8	5.85385908490706	0.0418843864406722	FALSE
1360	1360	FBte0000559	TIR	DNA	3R	1323354	TIR	F	0.5	0	1	0.204	0.716	0.73	0.592	0.805	0.417	0.369	0.5333	0.484	0.5826	0.0986	1	8	0.149761013820701	0.708854982669445	FALSE
1360	1360	FBte0000559	TIR	DNA	3R	1439323	TIR	R	0.066	0.261	0.181	0.069	0.186	0	0.135	0.363	0.062	0	0.1323	0.1526	0.112	-0.0406	1	8	1.01271698283146	0.343717309480761	FALSE
1360	1360	FBte0000559	TIR	DNA	3R	1444243	TIR	F	0.789	0.847	0.505	0.326	0.369	0.59	0.75	0.747	0.462	0.603	0.5988	0.5672	0.6304	0.0631999999999999	1	8	0.206604413090635	0.661521594086726	FALSE
1360	1360	FBte0000559	TIR	DNA	3R	2403076	TIR	F	0.25	0.75	0.6	0.4	0	0.857	0.889	0.909	0	0.749	0.5404	0.4	0.6808	0.2808	1	8	1.11701722961204	0.321429335322566	FALSE
1360	1360	FBte0000559	TIR	DNA	3R	2422253	TIR	F	0.2	1	1	0.4	0.571	1	1	0.917	0.646	1	0.7734	0.6342	0.9126	0.2784	1	8	1.84091744872779	0.211885787053418	FALSE
1360	1360	FBte0000559	TIR	DNA	3R	2433851	TIR	R	0.5	1	1	1	0.75	0.8	0.937	0.9	0.777	1	0.8664	0.85	0.8828	0.0328000000000001	1	8	0.0559445055459992	0.818968269395515	FALSE
1360	1360	FBte0000559	TIR	DNA	3R	2445645	TIR	R	0.786	1	0.8	0.833	0.751	0.867	1	0.867	0.857	0.334	0.8095	0.834	0.785	-0.0489999999999999	1	8	0.049646930761815	0.829262482687939	FALSE
1360	1360	FBte0000559	TIR	DNA	3R	2447477	TIR	R	1	0.857	1	1	0.501	1	0.929	1	1	1	0.9287	0.8716	0.9858	0.1142	1	8	1.18672377914584	0.30771519413485	FALSE
1360	1360	FBte0000559	TIR	DNA	3R	2450904	TIR	F	0.4	0.474	0.243	0.281	0.786	0.292	0.514	0.412	0.539	0.787	0.4728	0.4368	0.5088	0.072	1	8	0.315459609653714	0.589732935725646	FALSE
1360	1360	FBte0000559	TIR	DNA	3R	2824380	TIR	F	1	1	0.667	0.333	0	1	0.875	1	1	0.742	0.7617	0.6	0.9234	0.3234	1	8	1.98105353642489	0.196926167491802	FALSE
1360	1360	FBte0000559	TIR	DNA	2R	2257582	TIR	F	0.487	0.5	0.636	0.294	0.217	0.575	0.777	0.75	0.625	0.802	0.5663	0.4268	0.7058	0.279	1	8	10.0334969305152	0.0132430458233541	FALSE
1360	1360	FBte0000559	TIR	DNA	3R	3026471	TIR	R	0.553	0.558	0.749	0.353	0.257	0.446	0.44	0.776	0.43	0.387	0.4949	0.494	0.4958	0.00180000000000002	1	8	0.00184761790870152	0.966767827836459	FALSE
1360	1360	FBte0000559	TIR	DNA	3R	3283919	TIR	R	0.333	0.75	1	0	0	0	0.513	0.95	0	0	0.3546	0.4166	0.2926	-0.124	1	8	0.280921553602485	0.610488424732022	FALSE
1360	1360	FBte0000559	TIR	DNA	3R	3453982	TIR	F	1	1	1	0.499	1	1	1	1	1	1	0.9499	0.8998	1	0.1002	1	8	0.999999999999996	0.346593507087335	FALSE
1360	1360	FBte0000559	TIR	DNA	3R	3480978	TIR	F	0.833	0.889	1	1	1	1	1	1	1	1	0.9722	0.9444	1	0.0556	1	8	2.6168160739293	0.14439777092885	FALSE
1360	1360	FBte0000559	TIR	DNA	3R	3842081	TIR	F	0.687	0.953	0.933	0.875	0.429	0.841	0.978	0.939	0.876	0.887	0.8398	0.7754	0.9042	0.1288	1	8	1.49887183516617	0.255672605195704	FALSE
1360	1360	FBte0000559	TIR	DNA	2L	21725975	TIR	R	0.743	0.756	0.834	0.509	0.69	0.785	0.594	0.754	0.63	0.256	0.6551	0.7064	0.6038	-0.1026	1	8	0.915644698213133	0.366640513920299	FALSE
1360	1360	FBte0000559	TIR	DNA	2L	22251805	TIR	R	0.778	0.75	0.501	1	1	1	1	0.499	1	0.498	0.8026	0.8058	0.7994	-0.00639999999999996	1	8	0.0329751510768252	0.860420636016548	FALSE
1360	1360	FBte0000559	TIR	DNA	2L	22349545	TIR	F	0.69	0.817	0.712	0.506	0.626	0.858	0.758	0.894	0.64	0.607	0.7108	0.6702	0.7514	0.0811999999999999	1	8	1.20852643537854	0.303602780062923	FALSE
1360	1360	FBte0000559	TIR	DNA	2L	22350081	TIR	R	0.799	0.645	0.775	0.53	0.563	0.466	0.423	0.694	0.267	0.246	0.5408	0.6624	0.4192	-0.2432	1	8	6.17264121914233	0.0378464398639653	FALSE
1360	1360	FBte0000559	TIR	DNA	2L	22586621	TIR	F	0.637	0.7	0.75	0.333	1	1	1	1	1	1	0.842	0.684	1	0.316	1	8	12.261544315622	0.00805958352469568	FALSE
1360	1360	FBte0000559	TIR	DNA	2R	1891107	TIR	R	0.416	0.482	0.382	0.28	0.563	0.299	0.411	0.565	0.429	0.497	0.4324	0.4246	0.4402	0.0156	1	8	0.0585369978981059	0.814910070029985	FALSE
1360	1360	FBte0000559	TIR	DNA	2R	1921743	TIR	F	0.291	0.381	0.294	0.573	0.525	0.875	1	0.174	0.889	1	0.6002	0.4128	0.7876	0.3748	1	8	5.47035668164096	0.047498709620499	FALSE
1360	1360	FBte0000559	TIR	DNA	3L	27197154	TIR	F	0.667	0.7	0.3	0.343	0.326	0.8	0.602	0.167	0.152	0	0.4057	0.4672	0.3442	-0.123	1	8	0.764687571930342	0.407350182878543	FALSE
1360	1360	FBte0000559	TIR	DNA	2R	2534720	TIR	R	0.5	1	1	0	0	1	1	0.75	1	1	0.725	0.5	0.95	0.45	1	8	3.44897959183673	0.100370034971106	FALSE
1360	1360	FBte0000559	TIR	DNA	2R	2994079	TIR	R	0.5	0.778	1	0.25	0.75	0.917	0.913	0.923	0.75	1	0.7781	0.6556	0.9006	0.245	1	8	2.25668713358838	0.171439381713664	FALSE
1360	1360	FBte0000559	TIR	DNA	3L	27869059	TIR	FR	1	0.862	1	0.714	0.833	0.855	1	0.75	0.875	0.958	0.8847	0.8818	0.8876	0.00579999999999992	1	8	0.025222567435871	0.877749780909109	FALSE
1360	1360	FBte0000559	TIR	DNA	3L	27986740	TIR	FR	0.702	0.74	0.822	0.547	0.537	0.909	0.798	0.892	0.817	0.343	0.7107	0.6696	0.7518	0.0822000000000001	1	8	0.686527147442082	0.431371996651042	FALSE
1360	1360	FBte0000559	TIR	DNA	3L	24378558	TIR	FR	0.693	0.822	0.889	0.523	0.75	0.876	0.831	0.56	0.646	0.789	0.7379	0.7354	0.7404	0.00500000000000012	1	8	0.00260117434291291	0.960574605580653	FALSE
1360	1360	FBte0000559	TIR	DNA	3L	23488507	TIR	F	1	0.833	0.875	1	0.778	1	1	1	1	1	0.9486	0.8972	1	0.1028	1	8	5.77624974520034	0.0429493900231669	FALSE
1360	1360	FBte0000559	TIR	DNA	2R	1405535	TIR	F	1	1	0.875	0.8	0.833	0.875	0.857	0.871	0.863	1	0.8974	0.9016	0.8932	-0.00839999999999996	1	8	0.153687522298302	0.705272826040369	FALSE
1360	1360	FBte0000559	TIR	DNA	2R	1607297	TIR	F	0.909	1	0.947	0.283	0.4	0.984	1	0.917	0.833	0.8	0.8073	0.7078	0.9068	0.199	1	8	1.1110005679188	0.322655355564717	FALSE
1360	1360	FBte0000559	TIR	DNA	2R	1633485	TIR	R	0.377	0.622	0.534	0.131	0.326	0.356	0.437	0.717	0.135	0.182	0.3817	0.398	0.3654	-0.0326	1	8	0.0600750956834875	0.812547511345778	FALSE
1360	1360	FBte0000559	TIR	DNA	2R	1780599	TIR	R	0.468	0.285	0.221	0.667	0.334	1	0.875	0	1	1	0.585	0.395	0.775	0.38	1	8	2.60619538660387	0.145110606875724	FALSE
1360	1360	FBte0000559	TIR	DNA	2R	5530813	TIR	F	0.951	0.763	0.8	0.975	0.357	0.512	0.803	0.875	0.857	0	0.6893	0.7692	0.6094	-0.1598	1	8	0.917650241962224	0.366143347343062	FALSE
1360	1360	FBte0000559	TIR	DNA	2R	6488848	TIR	R	0.373	0.135	0.152	0	0	0.33	0.304	0	0.612	0.272	0.2178	0.132	0.3036	0.1716	1	8	1.56171983969791	0.246734046071903	FALSE
1360	1360	FBte0000559	TIR	DNA	3L	24497506	TIR	F	0.706	0.835	0.779	0.4	0.62	0.649	0.796	0.892	0.372	0.518	0.6567	0.668	0.6454	-0.0226000000000001	1	8	0.0182771587203527	0.89579893669205	FALSE
1360	1360	FBte0000559	TIR	DNA	3L	27289081	TIR	R	0.818	0.931	0.952	1	0.875	0.929	0.895	0.971	0.8	1	0.9171	0.9152	0.919	0.00380000000000003	1	8	0.0101174495438621	0.9223546123825	FALSE
1360	1360	FBte0000559	TIR	DNA	3L	27989833	TIR	F	0.812	0.81	0.929	1	0.923	0.947	0.962	0.9	1	1	0.9283	0.8948	0.9618	0.0669999999999999	1	8	1.79042059784224	0.217659010857759	FALSE
1360	1360	FBte0000559	TIR	DNA	2R	3493904	TIR	R	1	0.857	0.778	0.667	0.727	0.846	0.967	0.967	0.909	1	0.8718	0.8058	0.9378	0.132	1	8	2.28098541288024	0.169411173438919	FALSE
1360	1360	FBte0000559	TIR	DNA	2R	3878949	TIR	R	0.979	0.917	0.857	0.75	0.9	0.909	0.841	0.962	0.921	0.929	0.8965	0.8806	0.9124	0.0317999999999999	1	8	0.330417076756808	0.581214329139882	FALSE
1360	1360	FBte0000559	TIR	DNA	2R	3902672	TIR	R	0.737	1	0.9	0.445	0.5	1	0.9	0.727	1	1	0.8209	0.7164	0.9254	0.209	1	8	2.83956101986513	0.13045973456788	FALSE
1360	1360	FBte0000559	TIR	DNA	2R	3920269	TIR	R	0.383	0.199	0.421	0.26	0.367	0.686	0.716	0.594	0.671	0.818	0.5115	0.326	0.697	0.371	1	8	40.078946070521	0.000225202578079437	FALSE
1360	1360	FBte0000559	TIR	DNA	2R	4244382	TIR	R	0.636	1	1	0.444	0.222	0.875	0.901	0.47	0.938	0.885	0.7371	0.6604	0.8138	0.1534	1	8	0.153185858083869	0.705727493134152	FALSE
1360	1360	FBte0000559	TIR	DNA	2R	4264792	TIR	R	0.615	0.8	0.333	0.222	0.6	1	0.9	0	1	1	0.647	0.514	0.78	0.266	1	8	1.46744177734361	0.260315172413043	FALSE
1360	1360	FBte0000559	TIR	DNA	2R	4339994	TIR	R	0.569	0.636	0.588	0.129	0.4	0.414	0.651	0.065	0.504	0.5	0.4456	0.4644	0.4268	-0.0376	1	8	0.0918686989419855	0.769546944553124	FALSE
1360	1360	FBte0000559	TIR	DNA	2R	4562683	TIR	F	0.464	0.091	0.086	0.124	0.161	0.083	0.123	0.268	0.101	0.267	0.1768	0.1852	0.1684	-0.0168	1	8	0.0169454940484592	0.899641783194485	FALSE
1360	1360	FBte0000559	TIR	DNA	3L	24446708	TIR	R	0.756	0.923	0.947	0.667	0.611	0.5	1	0.867	0.813	1	0.8084	0.7808	0.836	0.0551999999999999	1	8	0.680892047653826	0.433194093773685	FALSE
1360	1360	FBte0000559	TIR	DNA	3L	24489767	TIR	R	0.889	1	1	0.4	0.333	1	1	1	1	1	0.8622	0.7244	1	0.2756	1	8	4.4157670578728	0.0687904813481608	FALSE
1360	1360	FBte0000559	TIR	DNA	3L	27087213	TIR	F	0.533	0.696	0.67	0.525	0.536	0.823	0.785	0.697	0.815	0.922	0.7002	0.592	0.8084	0.2164	1	8	15.864513395997	0.00404453356525886	FALSE
1360	1360	FBte0000559	TIR	DNA	3L	24504619	TIR	F	0.8	0.982	1	1	0.5	0.857	0.909	1	0.429	0.799	0.8276	0.8564	0.7988	-0.0576000000000001	1	8	0.376719433638741	0.556410060571652	FALSE
1360	1360	FBte0000559	TIR	DNA	3L	25077997	TIR	F	0.909	1	1	1	0.801	1	0.963	0.944	0.889	1	0.9506	0.942	0.9592	0.0171999999999999	1	8	3.10556904551314e-05	0.995690060895971	FALSE
1360	1360	FBte0000559	TIR	DNA	3L	28002979	TIR	R	0.429	0.583	0.5	0.333	0.739	0.724	1	0.468	1	0.245	0.6021	0.5168	0.6874	0.1706	1	8	1.58058606329986	0.244136757355593	FALSE
1360	1360	FBte0000559	TIR	DNA	3L	25305432	TIR	R	0.298	0.278	0.558	0.306	0.129	0.463	0.476	0.529	0.609	0	0.3646	0.3138	0.4154	0.1016	1	8	0.103711946752045	0.755674076786951	FALSE
1360	1360	FBte0000559	TIR	DNA	3L	25411318	TIR	F	1	1	0.8	0.6	1	1	1	1	1	1	0.94	0.88	1	0.12	1	8	2.51153764236779	0.151675294659062	FALSE
1360	1360	FBte0000559	TIR	DNA	3L	25457289	TIR	R	1	0.906	0.97	0.27	0.482	0.834	0.776	0.942	0.761	0.498	0.7439	0.7256	0.7622	0.0366	1	8	0.0174416429109521	0.898192618350938	FALSE
1360	1360	FBte0000559	TIR	DNA	3L	25598431	TIR	F	0.666	1	1	1	1	0.941	1	0.6	1	1	0.9207	0.9332	0.9082	-0.025	1	8	0.119463253147242	0.738530351268106	FALSE
1360	1360	FBte0000559	TIR	DNA	3R	3843061	TIR	R	0.833	0.8	0.9	0.75	0.444	0.949	0.882	0.941	0.772	0.809	0.808	0.7454	0.8706	0.1252	1	8	2.38273740804538	0.161259058597424	FALSE
1360	1360	FBte0000559	TIR	DNA	3R	3898748	TIR	R	0.6	0.75	0.25	0.875	0.857	1	1	0.75	1	1	0.8082	0.6664	0.95	0.2836	1	8	9.21706136816336	0.0161622212386853	FALSE
1360	1360	FBte0000559	TIR	DNA	3R	4037545	TIR	R	1	0.5	1	0	0.372	0.667	0.701	0.813	0.8	0.667	0.652	0.5744	0.7296	0.1552	1	8	0.134500003431646	0.723321733153368	FALSE
1360	1360	FBte0000559	TIR	DNA	3L	26817126	TIR	F	0.518	0.431	0.447	0.25	0.128	0	0.271	0.334	0	0	0.2379	0.3548	0.121	-0.2338	1	8	5.81949820296011	0.0423517130414009	FALSE
1360	1360	FBte0000559	TIR	DNA	3L	26820637	TIR	R	0.889	0.857	0.763	0.5	0.6	0.875	1	0.5	1	1	0.7984	0.7218	0.875	0.1532	1	8	3.08799108681367	0.116932192543172	FALSE
1360	1360	FBte0000559	TIR	DNA	4	932228	TIR	R	1	1	1	1	0.6	0.834	1	1	1	1	0.9434	0.92	0.9668	0.0468	1	8	0.108952293222236	0.749817662882393	FALSE
1360	1360	FBte0000559	TIR	DNA	3R	98266	TIR	R	1	0.988	0.724	0.333	1	1	1	0.676	1	1	0.8721	0.809	0.9352	0.1262	1	8	0.820396725985431	0.39152678772174	FALSE
1360	1360	FBte0000559	TIR	DNA	3R	97126	TIR	F	0.327	0.324	0.157	0.084	0.125	0.588	0.297	0.708	0.571	0.48	0.3661	0.2034	0.5288	0.3254	1	8	14.1605963895987	0.00552015060637015	FALSE
1360	1360	FBte0000559	TIR	DNA	3L	25191251	TIR	R	0.85	0.947	0.786	0.526	0.689	0.95	0.933	0.923	0.936	0.962	0.8502	0.7596	0.9408	0.1812	1	8	7.59480026223128	0.0248328210737613	FALSE
1360	1360	FBte0000559	TIR	DNA	3L	23650483	TIR	F	0.909	0.933	0.883	0.68	0.898	1	0.942	0.945	0.852	0.72	0.8762	0.8606	0.8918	0.0311999999999999	1	8	0.556012310532737	0.477206345475505	FALSE
1360	1360	FBte0000559	TIR	DNA	3L	23648120	TIR	R	0.917	0.965	0.91	0.65	0.778	0.993	0.948	0.851	0.85	0.917	0.8779	0.844	0.9118	0.0678	1	8	1.06205070085614	0.332894873326509	FALSE
1360	1360	FBte0000559	TIR	DNA	3L	24328886	TIR	R	1	0.75	1	0.75	1	1	0.833	0	1	1	0.8333	0.9	0.7666	-0.1334	1	8	0.327397794661701	0.58291257346989	FALSE
1360	1360	FBte0000559	TIR	DNA	3R	1493756	TIR	FR	1	1	0.763	0.857	0.5	0.679	0.8	0.776	0.458	0.625	0.7458	0.824	0.6676	-0.1564	1	8	2.73031062905717	0.137062313220911	FALSE
1360	1360	FBte0000559	TIR	DNA	4	932493	TIR	F	0.75	1	1	0.333	1	0.5	1	1	1	1	0.8583	0.8166	0.9	0.0834	1	8	0.309794261710541	0.593030359538886	FALSE
1360	1360	FBte0000559	TIR	DNA	3L	25799598	TIR	F	0.299	0.505	0.403	0.097	0	0.722	0.201	0.786	0.3	0	0.3313	0.2608	0.4018	0.141	1	8	0.40425297648846	0.542657411338503	FALSE
1360	1360	FBte0000559	TIR	DNA	3R	4021383	TIR	FR	0.644	0.667	0.667	0.4	0.357	0.5	0.571	0.954	0.5	0.5	0.576	0.547	0.605	0.0579999999999999	1	8	0.369207792870982	0.560284693029628	FALSE
1360	1360	FBte0000559	TIR	DNA	3L	26372798	TIR	R	0.618	0.703	0.507	0.538	0.363	0.733	0.693	0.739	0.686	0.572	0.6152	0.5458	0.6846	0.1388	1	8	4.69744179852806	0.0620735562805558	FALSE
1360	1360	FBte0000559	TIR	DNA	3R	671689	TIR	FR	0.756	1	0.902	0.72	0.623	0.99	1	0.95	0.85	1	0.8791	0.8002	0.958	0.1578	1	8	3.65775397725688	0.0921716883915464	FALSE
1360	1360	FBte0000559	TIR	DNA	3L	25980842	TIR	F	0.81	1	0.889	0.524	0.8	0.833	0.984	0.947	1	0.759	0.8546	0.8046	0.9046	0.1	1	8	0.875520355789456	0.376812392896759	FALSE
412	412	FBte0000007	LTR	RNA	2L	23429311	LTR	R	0.6	1	1	0	0.334	1	0.938	1	1	1	0.7872	0.5868	0.9876	0.4008	1	8	3.81127741807105	0.0866903615415455	FALSE
412	412	FBte0000007	LTR	RNA	X	21949871	LTR	R	0.312	0.248	0.306	0	0	0.196	0.095	0.451	0.35	0.157	0.2115	0.1732	0.2498	0.0766	1	8	1.13698668680763	0.317409438981373	FALSE
ACCORD	accord	FBte0000956	LTR	RNA	3R	1994882	LTR	R	0.585	1	0.917	0.5	0.455	0.959	0.86	0.875	0.766	0.595	0.7512	0.6914	0.811	0.1196	1	8	0.264598535854354	0.620883344643361	FALSE
ACCORD	accord	FBte0000956	LTR	RNA	2R	12862292	LTR	F	0.32	0.407	0.312	0.17	0.536	0.657	0.273	0.663	0.684	0.258	0.428	0.349	0.507	0.158	1	8	1.84272963684545	0.211682543283556	FALSE
AY561850	TART-A	FBte0001206	non-LTR	RNA	3L	16577258	non-LTR	R	0.51	0.759	0.617	0.373	0.474	0.661	0.693	0.615	0.673	0.362	0.5737	0.5466	0.6008	0.0542	1	8	0.339437754876778	0.57620249840268	FALSE
BAGGINS	baggins	FBte0000906	non-LTR	RNA	2R	739278	non-LTR	R	0.428	0.75	0.667	0	0	1	1	1	0	1	0.5845	0.369	0.8	0.431	1	8	3.37404470454665	0.103543120886466	FALSE
BAGGINS	baggins	FBte0000906	non-LTR	RNA	3L	27116936	non-LTR	R	0.714	0.875	0.8	0	0.333	0.8	0.938	0.895	0.667	0.6	0.6622	0.5444	0.78	0.2356	1	8	1.77384100515032	0.219601842788395	FALSE
BAGGINS	baggins	FBte0000906	non-LTR	RNA	3R	2981375	non-LTR	F	0.464	0.58	0.653	0.223	0.524	0.315	0.495	0.844	0.31	0.362	0.477	0.4888	0.4652	-0.0236	1	8	0.0146355084500739	0.906692369272702	FALSE
BAGGINS	baggins	FBte0000906	non-LTR	RNA	2R	741781	non-LTR	F	0.723	0.821	0.757	0.355	0.167	0.923	0.91	0.969	0.747	0.701	0.7073	0.5646	0.85	0.2854	1	8	4.76583885109476	0.0605709264740674	FALSE
BAGGINS	baggins	FBte0000906	non-LTR	RNA	3R	2687786	non-LTR	F	0.77	0.846	0.561	0.222	0.589	0.677	0.64	0.784	0	0.526	0.5615	0.5976	0.5254	-0.0722	1	8	0.336238320579087	0.57796958555775	FALSE
BAGGINS	baggins	FBte0000906	non-LTR	RNA	3L	24316545	non-LTR	F	0.233	0.395	0	0.103	0	0.331	0.179	0.535	0.091	0.095	0.1962	0.1462	0.2462	0.1	1	8	1.3767474127786	0.274404076833629	FALSE
BAGGINS	baggins	FBte0000906	non-LTR	RNA	2R	4398043	non-LTR	F	0.289	0.646	0.657	0.21	0.421	0.655	0.49	0.815	0.228	0.287	0.4698	0.4446	0.495	0.0504	1	8	0.138419606583721	0.719519222031937	FALSE
BAGGINS	baggins	FBte0000906	non-LTR	RNA	3L	26544649	non-LTR	F	0.647	0.944	0.8	0	0.167	1	1	1	1	1	0.7558	0.5116	1	0.4884	1	8	11.2617050529215	0.00999318894090267	FALSE
BAGGINS	baggins	FBte0000906	non-LTR	RNA	2L	22775823	non-LTR	F	0.63	0.461	0.283	0.226	0.621	0.316	0.27	0.766	0.337	0.438	0.4348	0.4442	0.4254	-0.0188	1	8	0.0139920703626666	0.908755547052158	FALSE
BAGGINS	baggins	FBte0000906	non-LTR	RNA	3R	2640919	non-LTR	F	0.833	1	1	0.714	0.778	1	1	1	1	1	0.9325	0.865	1	0.135	1	8	5.79513117687735	0.0426871443483375	FALSE
BAGGINS	baggins	FBte0000906	non-LTR	RNA	3R	1645007	non-LTR	F	0.75	0.933	0.667	0	0.6	1	1	1	1	0.889	0.7839	0.59	0.9778	0.3878	1	8	8.17536355657617	0.0211755005758785	FALSE
BAGGINS	baggins	FBte0000906	non-LTR	RNA	2R	1858771	non-LTR	R	0.636	0.76	0.725	0.5	0.75	0.938	0.9	0.698	0.923	0.9	0.773	0.6742	0.8718	0.1976	1	8	10.4364348420098	0.0120471007856149	FALSE
BAGGINS	baggins	FBte0000906	non-LTR	RNA	2R	5100622	non-LTR	F	0.59	0.784	0.778	0	0.601	0.791	0.957	0.921	0.546	0.545	0.6513	0.5506	0.752	0.2014	1	8	1.64275925144786	0.235843853675914	FALSE
BAGGINS	baggins	FBte0000906	non-LTR	RNA	3L	27326307	non-LTR	R	0.487	0.722	0.537	0.364	0.26	0.558	0.603	0.84	0.448	0.398	0.5217	0.474	0.5694	0.0954	1	8	0.783730683909402	0.401827303683118	FALSE
BAGGINS	baggins	FBte0000906	non-LTR	RNA	3L	24005790	non-LTR	R	1	0.281	0.2	0.481	0.247	0.475	0.723	0.414	0.643	1	0.5464	0.4418	0.651	0.2092	1	8	0.729432584210316	0.417906059909221	FALSE
BAGGINS	baggins	FBte0000906	non-LTR	RNA	3R	641352	non-LTR	R	0.856	0.881	0.568	0.096	0.066	0.973	0.825	0.909	0.866	0.667	0.6707	0.4934	0.848	0.3546	1	8	3.81140784317544	0.0866858869488955	FALSE
Beagle	HMS-Beagle	FBte0000726	LTR	RNA	3L	27909272	LTR	R	1	0.667	0.8	0.2	0.6	0.875	0.923	0.692	0.854	1	0.7611	0.6534	0.8688	0.2154	1	8	1.51403656607876	0.2534744666718	FALSE
Beagle2	HMS-Beagle2	FBte0001399	LTR	RNA	2R	2645445	LTR	R	0.437	0.632	0.818	0	0.154	0.538	0.438	0.8	0.273	0.22	0.431	0.4082	0.4538	0.0456	1	8	0.207442615623485	0.660886582199186	FALSE
Beagle2	HMS-Beagle2	FBte0001399	LTR	RNA	3L	23235826	LTR	F	0.75	1	0.558	0.176	0.493	0.376	0.79	0.598	0.703	0.708	0.6152	0.5954	0.635	0.0396	1	8	0.00154309831828795	0.969627941048883	FALSE
Beagle2	HMS-Beagle2	FBte0001399	LTR	RNA	3R	3185626	LTR	R	0.909	0.83	0.943	0.833	0	0.634	0.937	0.688	0.761	0.563	0.7098	0.703	0.7166	0.0136000000000001	1	8	0.0327501790869994	0.860891764309496	FALSE
Beagle2	HMS-Beagle2	FBte0001399	LTR	RNA	3L	25126352	LTR	F	1	1	1	0.143	0.5	0.633	0.609	1	0.576	0.773	0.7234	0.7286	0.7182	-0.0104000000000001	1	8	0.159979056478559	0.699643026370396	FALSE
Beagle2	HMS-Beagle2	FBte0001399	LTR	RNA	2L	22522632	LTR	R	0.588	0.834	1	0.286	0	0.816	0.618	0.714	0.511	0.701	0.6068	0.5416	0.672	0.1304	1	8	0.241484101168712	0.636333760471832	FALSE
BLOOD	blood	FBte0000279	LTR	RNA	2L	22943984	LTR	R	0.8	0.75	0.6	0	0.333	1	0.8	0.933	0.5	0.2	0.5916	0.4966	0.6866	0.19	1	8	1.27381091690007	0.29175896257697	FALSE
BS3	BS3	FBte0000420	non-LTR	RNA	3R	1829406	non-LTR	R	0.41	0.671	0.4	0.098	0.261	0.422	0.383	0.653	0.252	0.37	0.392	0.368	0.416	0.048	1	8	0.231330382859319	0.643417826761163	FALSE
BS3	BS3	FBte0000420	non-LTR	RNA	3R	1418283	non-LTR	F	1	0.857	1	0.2	0	1	1	0.853	1	1	0.791	0.6114	0.9706	0.3592	1	8	2.73644573076723	0.136679985052262	FALSE
CIRC	Circe	FBte0000616	LTR	RNA	3R	3640178	LTR	R	1	0.875	1	0	1	1	1	0.727	1	1	0.8602	0.775	0.9454	0.1704	1	8	0.730387923729602	0.417614144473726	FALSE
CIRC	Circe	FBte0000616	LTR	RNA	3R	3253210	LTR	R	0.175	0.487	0.55	0.393	0.142	0.722	0.631	0.666	0.715	0.786	0.5267	0.3494	0.704	0.3546	1	8	15.7285126552353	0.0041425385938603	FALSE
CIRC	Circe	FBte0000616	LTR	RNA	2L	23434002	LTR	F	0.375	0.857	1	0	0.16	0.917	0.867	1	0.547	0.666	0.6389	0.4784	0.7994	0.321	1	8	1.71946596575295	0.226144672085587	FALSE
CIRC	Circe	FBte0000616	LTR	RNA	3R	486168	LTR	R	0.654	0.557	0.682	0	0	1	0.678	0.439	0.536	0.457	0.5003	0.3786	0.622	0.2434	1	8	2.25960289012196	0.171194281498233	FALSE
CIRC	Circe	FBte0000616	LTR	RNA	3L	26020492	LTR	F	0.7	0.582	0.827	0.416	0.434	0.753	0.777	0.813	0.369	0.597	0.6268	0.5918	0.6618	0.07	1	8	0.376177722425639	0.55668766307359	FALSE
CIRC	Circe	FBte0000616	LTR	RNA	3R	3225850	LTR	F	0.283	0.694	0.69	0.179	0.123	0.522	0.284	0.838	0.647	0.184	0.4444	0.3938	0.495	0.1012	1	8	0.396360303340353	0.54652985213766	FALSE
DIVER2	diver2	FBte0001178	LTR	RNA	3R	3940659	LTR	F	0.5	1	1	0.4	0.5	1	0.929	1	0.75	0.75	0.7829	0.68	0.8858	0.2058	1	8	0.957461740648235	0.356486125454763	FALSE
DIVER2	diver2	FBte0001178	LTR	RNA	2R	5060068	LTR	F	0.37	1	1	0.167	0.341	0.8	1	1	0.863	0.923	0.7464	0.5756	0.9172	0.3416	1	8	2.00056139962005	0.194959300466916	FALSE
DIVER2	diver2	FBte0001178	LTR	RNA	3L	24861941	LTR	F	0.436	0.857	0.857	0.17	0.333	1	0.953	0.667	1	1	0.7273	0.5306	0.924	0.3934	1	8	8.82985078779473	0.0178300834725048	FALSE
DIVER2	diver2	FBte0001178	LTR	RNA	3R	2693615	LTR	F	0.501	0.875	0.833	0.286	0.666	0.965	1	0.842	0.942	0.875	0.7785	0.6322	0.9248	0.2926	1	8	8.21441576449281	0.0209547230157609	FALSE
DIVER2	diver2	FBte0001178	LTR	RNA	3R	2653745	LTR	F	0.164	0.692	0.419	0.333	0	0.341	0.587	0.537	0	0.697	0.377	0.3216	0.4324	0.1108	1	8	0.240432939315021	0.63705832487913	FALSE
DIVER2	diver2	FBte0001178	LTR	RNA	2R	5057248	LTR	F	1	1	0.858	0.75	1	1	1	0.933	0.834	1	0.9375	0.9216	0.9534	0.0318000000000001	1	8	0.101981785364388	0.757643794140476	FALSE
DIVER2	diver2	FBte0001178	LTR	RNA	3R	2396130	LTR	F	0.501	1	1	0	1	0.663	0.435	0.917	0.49	0.753	0.6759	0.7002	0.6516	-0.0486000000000001	1	8	0.19205311602144	0.672805948247229	FALSE
DIVER2	diver2	FBte0001178	LTR	RNA	2R	5058966	LTR	R	0	0.527	0.454	0	0.023	0.783	0.768	0.63	1	1	0.5185	0.2008	0.8362	0.6354	1	8	15.8611559047108	0.00404691782396786	FALSE
DIVER2	diver2	FBte0001178	LTR	RNA	2R	1859031	LTR	F	0.75	1	0.846	1	0.286	1	0.857	0.691	0.852	1	0.8282	0.7764	0.88	0.1036	1	8	0.257319502191141	0.625652499131878	FALSE
DIVER2	diver2	FBte0001178	LTR	RNA	3L	24117851	LTR	R	1	0.667	0.75	0	0.25	0.5	0.667	1	0.333	0	0.5167	0.5334	0.5	-0.0334	1	8	0.00863626576376624	0.928243128302031	FALSE
DIVER2	diver2	FBte0001178	LTR	RNA	3R	2392869	LTR	F	0.649	1	0.934	0.375	0.282	1	0.947	0.901	0.972	0.94	0.8	0.648	0.952	0.304	1	8	3.44003464726409	0.100742088761487	FALSE
DIVER2	diver2	FBte0001178	LTR	RNA	3R	1922186	LTR	R	0.8	1	1	0	1	0.75	0.833	1	0.361	1	0.7744	0.76	0.7888	0.0287999999999999	1	8	0.00869132542599165	0.928015493987843	FALSE
DIVER2	diver2	FBte0001178	LTR	RNA	2R	5056989	LTR	R	1	1	0.714	0	1	1	1	0.889	1	1	0.8603	0.7428	0.9778	0.235	1	8	1.31141423139039	0.285240005526037	FALSE
DIVER2	diver2	FBte0001178	LTR	RNA	2L	23179278	LTR	F	0.779	0.963	0.901	0.769	0.605	0.856	0.91	0.925	0.878	0.774	0.836	0.8034	0.8686	0.0652	1	8	0.620080111041008	0.453713270585776	FALSE
DIVER2	diver2	FBte0001178	LTR	RNA	3R	1289359	LTR	F	1	1	1	1	1	1	1	1	1	1	1	1	1	0	1	8	1	0.346593507087334	FALSE
DIVER2	diver2	FBte0001178	LTR	RNA	2R	1620966	LTR	F	1	0.709	0.764	0.371	0.585	0.975	0.959	0.909	0.714	0.979	0.7965	0.6858	0.9072	0.2214	1	8	2.38015900662269	0.161459066568317	FALSE
DIVER2	diver2	FBte0001178	LTR	RNA	3R	2398182	LTR	R	1	0.833	1	1	0.462	1	1	0.727	0.889	1	0.8911	0.859	0.9232	0.0642	1	8	0.12523669917069	0.732568560629412	FALSE
DIVER2	diver2	FBte0001178	LTR	RNA	2L	22739102	LTR	F	1	1	0.857	0.8	0.25	1	1	0.929	0.857	1	0.8693	0.7814	0.9572	0.1758	1	8	1.40406444537569	0.270048208299887	FALSE
DIVER2	diver2	FBte0001178	LTR	RNA	3R	1922463	LTR	F	0	0.958	0.953	1	0.2	1	0.8	0.673	0.884	1	0.7468	0.6222	0.8714	0.2492	1	8	1.04848643048673	0.335818633574419	FALSE
DM_ROO	roo	FBte0000100	LTR	RNA	3L	9640218	LTR	F	0	0.393	0.066	0.19	0	0.123	0.052	0	0	0	0.0824	0.1298	0.035	-0.0948	1	8	1.12143657118852	0.320533215903173	FALSE
DM_ROO	roo	FBte0000100	LTR	RNA	3L	25914777	LTR	F	1	0.846	0.873	0.75	1	1	1	0.886	0.929	1	0.9284	0.8938	0.963	0.0691999999999999	1	8	1.04197124843182	0.33723675033075	FALSE
DM_ROO	roo	FBte0000100	LTR	RNA	3L	23600008	LTR	F	0.889	0.95	0.895	0.591	0.857	0.97	0.945	0.968	0.86	0.89	0.8815	0.8364	0.9266	0.0901999999999999	1	8	2.19411334352078	0.176815223791691	FALSE
DM_ROO	roo	FBte0000100	LTR	RNA	3R	23684754	LTR	F	0.503	0.257	0.377	0.342	0	0.557	0.302	0.338	0.117	0	0.2793	0.2958	0.2628	-0.033	1	8	0.0459271274982993	0.835669916661302	FALSE
DM_ROO	roo	FBte0000100	LTR	RNA	3L	25030667	LTR	F	1	1	0.818	1	1	1	0.929	1	1	1	0.9747	0.9636	0.9858	0.0222	1	8	0.109553199472685	0.749156276519969	FALSE
DM_ROO	roo	FBte0000100	LTR	RNA	3R	2541736	LTR	R	0.499	0.496	0.412	0.667	0.429	0.75	0.609	0.579	0.583	0.5	0.5524	0.5006	0.6042	0.1036	1	8	2.84471568559319	0.130158684397139	FALSE
DM_ROO	roo	FBte0000100	LTR	RNA	3R	1616585	LTR	F	0	0.937	0	0	0	0.909	0.793	0.882	0.429	0.334	0.4284	0.1874	0.6694	0.482	1	8	5.93475169058106	0.0408098306101486	FALSE
DM_ROO	roo	FBte0000100	LTR	RNA	2L	22919016	LTR	F	1	0.714	0.667	1	1	0.909	0.933	0.889	1	1	0.9112	0.8762	0.9462	0.0700000000000001	1	8	0.110912820349812	0.747667284884652	FALSE
DM_ROO	roo	FBte0000100	LTR	RNA	2L	22918760	LTR	R	0	1	0.5	0	0.714	1	1	0.813	1	1	0.7027	0.4428	0.9626	0.5198	1	8	6.55566011618034	0.033625914182473	FALSE
DM_ROO	roo	FBte0000100	LTR	RNA	3R	210360	LTR	R	0.909	0.917	1	0.571	1	1	0.904	0.821	1	1	0.9122	0.8794	0.945	0.0656	1	8	0.482604629673883	0.506915584496346	FALSE
DM33463	S-element	FBte0001005	TIR	DNA	3R	12501998	TIR	R	0.727	1	0.625	0.3	0.625	1	0.907	0.88	0.629	0.663	0.7356	0.6554	0.8158	0.1604	1	8	0.8472795224712	0.384239509275532	FALSE
DM33463	S-element	FBte0001005	TIR	DNA	3L	24327138	TIR	R	0.501	0.5	1	0.249	1	0.834	1	0.25	1	1	0.7334	0.65	0.8168	0.1668	1	8	0.588260359511697	0.465122709925729	FALSE
DM33463	S-element	FBte0001005	TIR	DNA	2R	1592279	TIR	F	0.332	0.177	0.277	0.115	0.085	0.257	0.233	0.176	0.188	0	0.184	0.1972	0.1708	-0.0264	1	8	0.326757092675576	0.583274309807421	FALSE
DM33463	S-element	FBte0001005	TIR	DNA	3R	4716207	TIR	R	0.75	0.833	1	0.25	0.125	1	1	0.947	1	1	0.7905	0.5916	0.9894	0.3978	1	8	7.02099072152719	0.0292687314215347	FALSE
DM33463	S-element	FBte0001005	TIR	DNA	X	22441999	TIR	R	0.923	1	0.952	0.75	0.818	1	0.971	0.937	1	1	0.9351	0.8886	0.9816	0.0930000000000001	1	8	3.87881509094357	0.0844127230139771	FALSE
DM33463	S-element	FBte0001005	TIR	DNA	3L	27395768	TIR	F	0.167	0.587	0.458	0	0	0.231	0.529	0.387	0.242	0.089	0.269	0.2424	0.2956	0.0532	1	8	0.581172710386225	0.467732129001204	FALSE
DM33463	S-element	FBte0001005	TIR	DNA	3R	1690431	TIR	F	1	1	1	1	0.666	1	1	1	1	1	0.9666	0.9332	1	0.0668	1	8	0.999999999999994	0.346593507087336	FALSE
DM33463	S-element	FBte0001005	TIR	DNA	3L	23731027	TIR	F	0.568	1	0.499	0.31	1	1	0.875	0.958	0	1	0.721	0.6754	0.7666	0.0911999999999999	1	8	0.0368928598127139	0.85246928354044	FALSE
DM33463	S-element	FBte0001005	TIR	DNA	3R	4490733	TIR	F	0.84	0.833	0.84	0.695	0.492	0.874	0.953	0.856	0.907	0.674	0.7964	0.74	0.8528	0.1128	1	8	2.20749644767274	0.175646556101914	FALSE
DM33463	S-element	FBte0001005	TIR	DNA	3L	27389100	TIR	R	0.7	0.949	0.846	0.556	0.538	0.96	0.892	0.95	0.89	0.928	0.8209	0.7178	0.924	0.2062	1	8	6.53516870367643	0.0338361057411825	FALSE
DM33463	S-element	FBte0001005	TIR	DNA	3R	1345420	TIR	R	0.43	0.569	0.634	0.343	0.257	0.538	0.358	0.685	0.308	0.43	0.4552	0.4466	0.4638	0.0172	1	8	0.0365985764484591	0.853050824391595	FALSE
DM33463	S-element	FBte0001005	TIR	DNA	3R	943008	TIR	R	0.392	0.9	0	0.427	0.667	1	0.631	0.522	1	1	0.6539	0.4772	0.8306	0.3534	1	8	4.42213060496721	0.068628697103248	FALSE
DM88	Dm88	FBte0000267	LTR	RNA	3L	26466293	LTR	R	0.524	0.658	0.657	0.207	0.907	0.928	0.953	0.483	0.623	0.8	0.674	0.5906	0.7574	0.1668	1	8	1.40286697613724	0.270237070806223	FALSE
DMAURA	aurora-element	FBte0000112	LTR	RNA	3L	26800144	LTR	R	1	0.8	0.656	0.313	0.357	1	1	0.6	1	1	0.7726	0.6252	0.92	0.2948	1	8	4.25617076428819	0.0730133752573412	FALSE
DMCR1A	Cr1a	FBte0000140	non-LTR	RNA	3R	2541992	non-LTR	F	0.122	0.57	0.488	0.451	0.194	0.924	0.477	0.495	0.506	0.411	0.4638	0.365	0.5626	0.1976	1	8	2.48361457403284	0.153687111458767	FALSE
DMCR1A	Cr1a	FBte0000140	non-LTR	RNA	3L	25209485	non-LTR	R	0.658	0.576	0.604	0.143	0.527	0.721	0.604	0.679	0.607	0.699	0.5818	0.5016	0.662	0.1604	1	8	2.7499767574346	0.135841728097602	FALSE
DMCR1A	Cr1a	FBte0000140	non-LTR	RNA	3L	23111141	non-LTR	R	0	0.059	0.043	0.056	0	0.116	0.126	0.223	0.034	0.091	0.0748	0.0316	0.118	0.0864	1	8	7.06533889071217	0.0288918113492062	FALSE
DMCR1A	Cr1a	FBte0000140	non-LTR	RNA	3L	24176793	non-LTR	R	0.7	0.872	1	0.75	0.751	0.93	0.88	0.81	0.81	0.661	0.8164	0.8146	0.8182	0.00360000000000005	1	8	0.0642317316953095	0.806319901330565	FALSE
DMCR1A	Cr1a	FBte0000140	non-LTR	RNA	3R	2561835	non-LTR	F	0.283	0.681	0.558	0.177	0.079	0.646	0.489	0.752	0.579	0.258	0.4502	0.3556	0.5448	0.1892	1	8	1.89633137080403	0.205790127260285	FALSE
DMCR1A	Cr1a	FBte0000140	non-LTR	RNA	3L	23467447	non-LTR	R	0.875	0.5	0.6	0.417	0.7	0.873	0.778	0.864	1	1	0.7607	0.6184	0.903	0.2846	1	8	9.11822467975914	0.0165685623788456	FALSE
DMCR1A	Cr1a	FBte0000140	non-LTR	RNA	3R	2491619	non-LTR	F	0.626	0.652	0.577	0.267	0	0.48	0	0.738	0.464	0	0.3804	0.4244	0.3364	-0.088	1	8	0.260449851241102	0.623591044786338	FALSE
DMCR1A	Cr1a	FBte0000140	non-LTR	RNA	3R	2657706	non-LTR	F	0.35	0.222	0.195	0.103	0.126	0.082	0.181	0.333	0.078	0.122	0.1792	0.1992	0.1592	-0.04	1	8	0.490289472114354	0.503648701825212	FALSE
DMCR1A	Cr1a	FBte0000140	non-LTR	RNA	3R	1913611	non-LTR	F	0.411	0.268	0.228	0.201	0.142	0.146	0.127	0.207	0.153	0.169	0.2052	0.25	0.1604	-0.0896	1	8	3.85002410397984	0.0853740874514539	FALSE
DMCR1A	Cr1a	FBte0000140	non-LTR	RNA	3R	2489443	non-LTR	F	0.498	0.334	0.347	0	0.126	0.452	0.604	0.496	0.502	1	0.4359	0.261	0.6108	0.3498	1	8	5.20839374767123	0.0518935875576445	FALSE
DMCR1A	Cr1a	FBte0000140	non-LTR	RNA	3R	1977149	non-LTR	F	0.66	0.673	0.729	0.452	0.408	0.396	0.661	0.604	0.609	0.466	0.5658	0.5844	0.5472	-0.0372	1	8	0.225684557169981	0.647441478189556	FALSE
DMCR1A	Cr1a	FBte0000140	non-LTR	RNA	3L	23209196	non-LTR	R	0.818	0.842	0.791	0.625	0.857	0.976	0.937	0.878	0.923	0.991	0.8638	0.7866	0.941	0.1544	1	8	13.4170923432912	0.00637414376098456	FALSE
DMCR1A	Cr1a	FBte0000140	non-LTR	RNA	3R	2771897	non-LTR	R	0	0.608	0.557	0.111	0.141	1	0.124	0.811	0.341	0	0.3693	0.2834	0.4552	0.1718	1	8	0.560728831090487	0.475404655439913	FALSE
DMCR1A	Cr1a	FBte0000140	non-LTR	RNA	3R	2516853	non-LTR	F	0.714	0.77	0.946	0.25	0	0.946	0.873	0.87	0.923	0.911	0.7203	0.536	0.9046	0.3686	1	8	3.95274659782949	0.0820073705716978	FALSE
DMCR1A	Cr1a	FBte0000140	non-LTR	RNA	3L	23109510	non-LTR	R	1	0.659	0.678	0.305	0.327	0.8	0.689	0.538	0.601	0.79	0.6387	0.5938	0.6836	0.0898	1	8	0.0518147438242043	0.825644798081024	FALSE
DMCR1A	Cr1a	FBte0000140	non-LTR	RNA	3R	2219099	non-LTR	R	1	1	1	1	0.667	1	1	0.778	1	1	0.9445	0.9334	0.9556	0.0222	1	8	0.0250417318211095	0.878184704546715	FALSE
DMCR1A	Cr1a	FBte0000140	non-LTR	RNA	3L	28093916	non-LTR	F	0.85	0.988	0.499	0.647	1	0.985	0.857	0	1	1	0.7826	0.7968	0.7684	-0.0284	1	8	0.00827126520192211	0.929771056295564	FALSE
DMCR1A	Cr1a	FBte0000140	non-LTR	RNA	2L	20635921	non-LTR	F	1	1	0.75	0	0.262	0.978	0.833	0.667	0.93	0.737	0.7157	0.6024	0.829	0.2266	1	8	0.516932389724436	0.492616736303261	FALSE
DMCR1A	Cr1a	FBte0000140	non-LTR	RNA	3R	1842667	non-LTR	R	0.377	0.384	0.803	0.121	0.31	0.309	0.681	0.778	0.441	0.495	0.4699	0.399	0.5408	0.1418	1	8	1.02186451065894	0.341670774468642	FALSE
DMCR1A	Cr1a	FBte0000140	non-LTR	RNA	3L	25199630	non-LTR	R	1	0.958	0.933	0.75	0.75	0.954	0.986	0.977	0.925	0.907	0.914	0.8782	0.9498	0.0716	1	8	0.687913349692844	0.43092573148654	FALSE
DMCR1A	Cr1a	FBte0000140	non-LTR	RNA	3R	1915242	non-LTR	R	0.714	0.8	0.769	0.538	0.556	0.993	0.941	0.7	0.833	0.936	0.778	0.6754	0.8806	0.2052	1	8	7.64618707422135	0.0244784004316444	FALSE
DMCR1A	Cr1a	FBte0000140	non-LTR	RNA	3L	26058021	non-LTR	F	0.901	0.763	0.612	0.417	0.397	0.616	0.719	0.923	0.611	0.441	0.64	0.618	0.662	0.044	1	8	0.106280584541997	0.752783296605667	FALSE
DMCR1A	Cr1a	FBte0000140	non-LTR	RNA	3L	27993728	non-LTR	R	0.5	0.8	0.5	0.625	0.692	1	0.833	0.501	1	1	0.7451	0.6234	0.8668	0.2434	1	8	5.97814609717377	0.0402478287288583	FALSE
DMCR1A	Cr1a	FBte0000140	non-LTR	RNA	2R	6258776	non-LTR	R	1	1	1	0.475	1	0.6	0.846	0.9	0.143	0.4	0.7364	0.895	0.5778	-0.3172	1	8	5.55962643775	0.0461101301692444	FALSE
DMCR1A	Cr1a	FBte0000140	non-LTR	RNA	2R	1114095	non-LTR	F	0.467	0.889	0.573	0.108	0.278	0.441	0.561	1	0.326	0	0.4643	0.463	0.4656	0.00259999999999999	1	8	0.000166002273168654	0.99003570518888	FALSE
DMCR1A	Cr1a	FBte0000140	non-LTR	RNA	3L	9445592	non-LTR	F	0.061	0.104	0	0.077	0.07	0.397	0.335	0	0.282	0.318	0.1644	0.0624	0.2664	0.204	1	8	3.76226040664038	0.088393415405242	FALSE
DMCR1A	Cr1a	FBte0000140	non-LTR	RNA	2R	973770	non-LTR	R	0.4	1	0.755	0.096	0.301	0.833	0.733	0.897	0.693	0.366	0.6074	0.5104	0.7044	0.194	1	8	0.502779895179065	0.498421073773058	FALSE
DMCR1A	Cr1a	FBte0000140	non-LTR	RNA	3L	23053216	non-LTR	R	0.857	0.917	1	0	1	1	0.8	0.875	1	1	0.8449	0.7548	0.935	0.1802	1	8	0.856271466978914	0.381849854569101	FALSE
DMCR1A	Cr1a	FBte0000140	non-LTR	RNA	2R	5614735	non-LTR	R	0.714	0.846	0.543	1	0	0.99	1	0.509	0.975	0.989	0.7566	0.6206	0.8926	0.272	1	8	2.11103158042869	0.184310511752594	FALSE
DMCR1A	Cr1a	FBte0000140	non-LTR	RNA	3L	25727238	non-LTR	F	0.52	0.61	0.616	0.574	0.7	0.458	0.467	0.791	0.484	0.375	0.5595	0.604	0.515	-0.089	1	8	1.14327929852052	0.316158184028528	FALSE
DMCR1A	Cr1a	FBte0000140	non-LTR	RNA	2R	2642868	non-LTR	F	0.786	0.895	0.752	0.36	0.568	0.899	0.934	0.914	0.547	0.736	0.7391	0.6722	0.806	0.1338	1	8	1.41221737864735	0.26876734470369	FALSE
DMCR1A	Cr1a	FBte0000140	non-LTR	RNA	3L	27117010	non-LTR	F	1	1	0.5	0.75	0.667	1	0.909	0.2	0.789	0.941	0.7756	0.7834	0.7678	-0.0155999999999999	1	8	0.029397717208122	0.868121529973074	FALSE
DMCR1A	Cr1a	FBte0000140	non-LTR	RNA	3L	25678219	non-LTR	R	0.5	1	1	0.333	0.249	1	0.625	1	1	1	0.7707	0.6164	0.925	0.3086	1	8	2.55595139747703	0.148546985022442	FALSE
DMCR1A	Cr1a	FBte0000140	non-LTR	RNA	2R	4404315	non-LTR	R	1	0.9	0.857	0.667	1	0.833	1	1	1	1	0.9257	0.8848	0.9666	0.0818	1	8	1.54408803451224	0.249196670206941	FALSE
DMCR1A	Cr1a	FBte0000140	non-LTR	RNA	3R	1714899	non-LTR	R	0.382	0.605	1	0.922	0.432	0.822	0.543	0.941	0.479	0.549	0.6675	0.6682	0.6668	-0.00140000000000007	1	8	0.0570907669866446	0.817161875738879	FALSE
DMCR1A	Cr1a	FBte0000140	non-LTR	RNA	3R	876439	non-LTR	F	0.608	0.928	0.787	0.2	0.204	0.591	0.615	0.79	0.219	0	0.4942	0.5454	0.443	-0.1024	1	8	0.446296532963816	0.522901437112149	FALSE
DMCR1A	Cr1a	FBte0000140	non-LTR	RNA	3R	1391414	non-LTR	R	0.5	0.776	0.673	0.36	0.457	0.686	0.575	0.567	0.697	0.645	0.5936	0.5532	0.634	0.0808	1	8	0.917797397504594	0.366106909257234	FALSE
DMCR1A	Cr1a	FBte0000140	non-LTR	RNA	3L	25338298	non-LTR	F	0.75	1	0.5	1	0	1	1	0.833	1	1	0.8083	0.65	0.9666	0.3166	1	8	2.62638358490743	0.143759595783054	FALSE
DMCR1A	Cr1a	FBte0000140	non-LTR	RNA	3L	25435923	non-LTR	R	0.75	1	0.789	0.123	0.528	1	1	0.7	1	0.821	0.7711	0.638	0.9042	0.2662	1	8	2.77547013915189	0.134280765886933	FALSE
DMCR1A	Cr1a	FBte0000140	non-LTR	RNA	2L	22201041	non-LTR	R	0.129	0.183	0.387	0	0	0.327	0.197	0	0	0.88	0.2103	0.1398	0.2808	0.141	1	8	0.380776731685722	0.554339749089836	FALSE
DMCR1A	Cr1a	FBte0000140	non-LTR	RNA	2R	3880503	non-LTR	F	0.667	1	1	0.572	0	1	0.917	0.882	1	1	0.8038	0.6478	0.9598	0.312	1	8	2.26345452763355	0.170871232623008	FALSE
DMCR1A	Cr1a	FBte0000140	non-LTR	RNA	2R	3341945	non-LTR	F	1	1	1	1	1	1	1	1	1	1	1	1	1	0	1	8	1	0.346593507087334	FALSE
DMCR1A	Cr1a	FBte0000140	non-LTR	RNA	2R	3526424	non-LTR	R	0.323	0.426	0.441	0.275	0.365	0.576	0.42	0.758	0.354	0.312	0.425	0.366	0.484	0.118	1	8	1.80752036572353	0.215680000218783	FALSE
DMCR1A	Cr1a	FBte0000140	non-LTR	RNA	2R	1596838	non-LTR	F	0.313	0.262	0.408	0.165	0.429	0.317	0.268	0.454	0.075	0	0.2691	0.3154	0.2228	-0.0926	1	8	1.26128310192716	0.293978860218113	FALSE
DMCR1A	Cr1a	FBte0000140	non-LTR	RNA	2R	1981856	non-LTR	R	0.214	0.234	0.085	0.132	0.277	0.195	0.108	0.428	0	0	0.1673	0.1884	0.1462	-0.0422	1	8	0.937452506291259	0.361290009595902	FALSE
DMCR1A	Cr1a	FBte0000140	non-LTR	RNA	3L	25306436	non-LTR	F	0.882	1	1	0.749	0.857	0.952	0.971	0.909	0.929	1	0.9249	0.8976	0.9522	0.0546000000000001	1	8	0.242797884578504	0.635430967994081	FALSE
DME010298	GATE	FBte0000359	LTR	RNA	2R	5367451	LTR	F	1	0.889	0	0.25	0.667	1	1	0.92	0.667	1	0.7393	0.5612	0.9174	0.3562	1	8	3.16568953608993	0.11308176890282	FALSE
DME010298	GATE	FBte0000359	LTR	RNA	3R	1817448	LTR	R	0.125	0.889	0.658	0.7	0.5	0.786	0.674	1	0.775	1	0.7107	0.5744	0.847	0.2726	1	8	4.02565447304155	0.0797213314550149	FALSE
DME010298	GATE	FBte0000359	LTR	RNA	3R	2872491	LTR	R	0	0.498	0.601	0.078	0.352	0.304	0.314	0.553	0.116	0.248	0.3064	0.3058	0.307	0.00119999999999998	1	8	0.105890662272905	0.753219589002629	FALSE
DME010298	GATE	FBte0000359	LTR	RNA	3L	25373402	LTR	F	1	1	0.688	0.333	0.5	1	1	0.9	1	1	0.8421	0.7042	0.98	0.2758	1	8	3.70123670448034	0.0905746917738634	FALSE
DME010298	GATE	FBte0000359	LTR	RNA	2L	21544892	LTR	R	0.663	1	1	0.285	0.667	1	1	0.538	1	1	0.8153	0.723	0.9076	0.1846	1	8	1.46665316302133	0.260433192275702	FALSE
DME010298	GATE	FBte0000359	LTR	RNA	2R	2994140	LTR	F	0	0.333	0	0	0	0	0.143	0.786	0	0	0.1262	0.0666	0.1858	0.1192	1	8	0.494255277135349	0.501977994766387	FALSE
DME010298	GATE	FBte0000359	LTR	RNA	2R	3464861	LTR	F	0.868	0.571	0.456	0	0	0.886	0	0.915	0	0.984	0.468	0.379	0.557	0.178	1	8	0.323827711675548	0.584934357623214	FALSE
DME010298	GATE	FBte0000359	LTR	RNA	3L	25378989	LTR	F	1	1	1	0	0.143	1	0.778	0.8	0.6	0.8	0.7121	0.6286	0.7956	0.167	1	8	0.130190987513329	0.727576210887553	FALSE
DME278684	Rt1a	FBte0000457	non-LTR	RNA	3L	23977608	non-LTR	F	0.667	1	1	0.5	0.6	1	1	0.875	0.666	1	0.8308	0.7534	0.9082	0.1548	1	8	1.07444244533131	0.330257183521841	FALSE
DME278684	Rt1a	FBte0000457	non-LTR	RNA	2R	4364240	non-LTR	F	1	0.667	0.667	0.429	0.727	1	1	0.882	1	1	0.8372	0.698	0.9764	0.2784	1	8	8.34787628147298	0.020221818156191	FALSE
DME487856	Max-element	FBte0000304	LTR	RNA	2R	2616100	LTR	R	0.734	0.452	0.319	0.167	0	1	1	0.422	0.789	1	0.5883	0.3344	0.8422	0.5078	1	8	9.25357655486368	0.016015280732373	FALSE
DME487856	Max-element	FBte0000304	LTR	RNA	2R	2322731	LTR	R	1	0.667	1	1	0.5	1	1	1	1	1	0.9167	0.8334	1	0.1666	1	8	2.60255254218187	0.145356182031022	FALSE
DME487856	Max-element	FBte0000304	LTR	RNA	2L	21550491	LTR	F	1	0.667	0.5	0	0	1	1	1	1	1	0.7167	0.4334	1	0.5666	1	8	9.14959781416126	0.0164381990637287	FALSE
DME487856	Max-element	FBte0000304	LTR	RNA	3L	25456448	LTR	R	0.345	0.307	0.427	0	0.179	0.237	0.27	0.21	0.207	0.245	0.2427	0.2516	0.2338	-0.0178	1	8	0.0610425825622994	0.81107792615335	FALSE
DME487856	Max-element	FBte0000304	LTR	RNA	X	23264307	LTR	F	1	1	1	0	1	1	0.833	1	1	0.5	0.8333	0.8	0.8666	0.0666	1	8	0.042891742728118	0.841103620773413	FALSE
DME9736	Idefix	FBte0000104	LTR	RNA	3L	25537928	LTR	R	0.667	0.869	0.835	0.333	0	1	0.806	0.893	0.65	0.862	0.6915	0.5408	0.8422	0.3014	1	8	3.02581625305909	0.120137945067469	FALSE
DME9736	Idefix	FBte0000104	LTR	RNA	3R	3194405	LTR	R	0	0	0.392	0	0	0.156	0.29	0.254	0.363	0.208	0.1663	0.0784	0.2542	0.1758	1	8	7.58449625821339	0.0249046683118594	FALSE
DME9736	Idefix	FBte0000104	LTR	RNA	3R	4153493	LTR	F	0.499	0.331	0.679	0.075	0.379	0.282	0.432	0.764	0.242	0.329	0.4012	0.3926	0.4098	0.0172	1	8	0.0447468732453841	0.837759634422332	FALSE
DME9736	Idefix	FBte0000104	LTR	RNA	2L	21406203	LTR	F	0.679	0.909	0.955	0.3	0.432	0.88	0.901	0.925	0.663	0.627	0.7271	0.655	0.7992	0.1442	1	8	0.754929418168079	0.410228057072192	FALSE
DME9736	Idefix	FBte0000104	LTR	RNA	2R	2801897	LTR	F	1	0.857	0.504	0	1	1	1	0.5	1	1	0.7861	0.6722	0.9	0.2278	1	8	1.37652839433904	0.274439406267663	FALSE
DME9736	Idefix	FBte0000104	LTR	RNA	3R	1033432	LTR	F	0.144	0.327	0.078	0.329	0	0.167	0.273	0.591	0.079	0	0.1988	0.1756	0.222	0.0464	1	8	0.0681909992631707	0.800585812101654	FALSE
DME9736	Idefix	FBte0000104	LTR	RNA	2R	2374704	LTR	R	0.609	0.586	0.652	0.775	0.232	0.714	0.765	0.855	0.323	0.429	0.594	0.5708	0.6172	0.0464	1	8	0.153467931413206	0.705471738169715	FALSE
DMGYPF1A	gypsy	FBte0000021	LTR	RNA	2R	1245253	LTR	R	0.4	0.889	1	0.4	0	1	1	0.765	1	1	0.7454	0.5378	0.953	0.4152	1	8	4.90525801878377	0.0576494504718914	FALSE
DMGYPF1A	gypsy	FBte0000021	LTR	RNA	3L	25768294	LTR	F	0.371	0.698	0.437	0	0	0.442	0.489	0.545	0.082	0.099	0.3163	0.3012	0.3314	0.0302000000000001	1	8	0.245692742497284	0.633452562219962	FALSE
DMGYPF1A	gypsy	FBte0000021	LTR	RNA	3R	1869744	LTR	R	0.272	0.301	0.319	0.158	0	0.141	0.154	0.332	0.085	0.191	0.1953	0.21	0.1806	-0.0294	1	8	0.000380016493435674	0.984924443669045	FALSE
DMHFL1	hobo	FBte0000154	TIR	DNA	X	22406655	TIR	F	0.275	0.311	0.325	0	0.09	0.354	0.546	0.517	0.421	0.246	0.3085	0.2002	0.4168	0.2166	1	8	4.95306140230354	0.0566893997603581	FALSE
DMIFACA	I-element	FBte0000133	non-LTR	RNA	2R	510221	non-LTR	F	0.818	0.953	0.875	0.545	0.316	0.986	0.927	0.938	0.852	0.768	0.7978	0.7014	0.8942	0.1928	1	8	2.48371943547983	0.153679490007167	FALSE
DMIFACA	I-element	FBte0000133	non-LTR	RNA	2R	1780598	non-LTR	F	0.273	0.422	0.327	0.218	0	0.393	0.557	0.645	0.246	0	0.3081	0.248	0.3682	0.1202	1	8	0.364239895586612	0.562877587818717	FALSE
DMIFACA	I-element	FBte0000133	non-LTR	RNA	2R	3163295	non-LTR	R	1	0.8	0.692	0.286	0.5	1	1	0.813	0.948	0.667	0.7706	0.6556	0.8856	0.23	1	8	2.2117103238473	0.175280739939741	FALSE
DMIFACA	I-element	FBte0000133	non-LTR	RNA	2R	2083415	non-LTR	F	0.526	0.955	0.826	0.294	0.378	1	0.911	0.88	0.822	0.81	0.7402	0.5958	0.8846	0.2888	1	8	4.36962125934413	0.0699784631725943	FALSE
DMIFACA	I-element	FBte0000133	non-LTR	RNA	2R	643510	non-LTR	F	0.68	0.833	0.834	0.342	0.453	0.8	1	0.582	1	1	0.7524	0.6284	0.8764	0.248	1	8	5.06916609368247	0.0544413531773884	FALSE
DMIFACA	I-element	FBte0000133	non-LTR	RNA	3L	25696059	non-LTR	F	0.8	0.9	0.667	1	0	1	0.945	0.692	0.983	0.9	0.7887	0.6734	0.904	0.2306	1	8	1.43899673974171	0.264620678577629	FALSE
DMIS176	17.6	FBte0000109	LTR	RNA	3R	1273204	LTR	F	0.447	0.756	0.504	0.295	0.387	0.872	0.706	0.712	0.498	0.387	0.5564	0.4778	0.635	0.1572	1	8	1.85550148046273	0.210257709640122	FALSE
DMIS176	17.6	FBte0000109	LTR	RNA	2R	3562382	LTR	F	0.79	0.966	0.86	0.4	0.631	0.914	0.955	0.892	0.795	0.762	0.7965	0.7294	0.8636	0.1342	1	8	1.33549359440399	0.281175720325439	FALSE
DMIS297	297	FBte0000675	LTR	RNA	3R	1421459	LTR	R	0.2	1	1	0.444	0.4	0.889	1	0.727	1	1	0.766	0.6088	0.9232	0.3144	1	8	2.20765633406522	0.175632657222945	FALSE
DMIS297	297	FBte0000675	LTR	RNA	X	22969954	LTR	R	1	0.666	1	0.667	1	1	1	0.572	1	1	0.8905	0.8666	0.9144	0.0478	1	8	0.249269953015022	0.631028137698256	FALSE
DMIS297	297	FBte0000675	LTR	RNA	2R	4913945	LTR	R	0.01	0.396	0	0	0	0.772	0.866	0.194	0.855	0	0.3093	0.0812	0.5374	0.4562	1	8	5.26374211256037	0.0509231274729893	FALSE
DMIS297	297	FBte0000675	LTR	RNA	X	22771524	LTR	F	0	0	0	0	0	0.56	0.968	0.674	0.209	0	0.2411	0	0.4822	0.4822	1	8	9.79733693177364	0.0140138051936005	FALSE
DMIS297	297	FBte0000675	LTR	RNA	3R	560313	LTR	R	0	0.8	1	0.5	0.333	0.667	1	1	1	1	0.73	0.5266	0.9334	0.4068	1	8	4.80098632202474	0.0598168796595219	FALSE
DMIS297	297	FBte0000675	LTR	RNA	2R	4294597	LTR	R	0.64	0.861	0.74	0.626	0.496	0.859	0.864	0.828	0.802	0.73	0.7446	0.6726	0.8166	0.144	1	8	4.70300787992047	0.0619495004861156	FALSE
DMIS297	297	FBte0000675	LTR	RNA	3L	25703058	LTR	R	0	0.714	0.787	0	0	1	0.909	0.626	1	1	0.6036	0.3002	0.907	0.6068	1	8	11.0365671713826	0.0105066664421335	FALSE
DMIS297	297	FBte0000675	LTR	RNA	3R	846511	LTR	F	0.16	0.211	0.316	0.238	0.179	0.228	0.247	0.304	0.106	0.174	0.2163	0.2208	0.2118	-0.00900000000000001	1	8	0.0646425037391695	0.805716330629759	FALSE
DMIS297	297	FBte0000675	LTR	RNA	X	22948447	LTR	FR	0.722	0.875	0.834	0.575	0.582	1	0.979	1	0.95	0.95	0.8467	0.7176	0.9758	0.2582	1	8	24.1805842207175	0.00116787133547035	FALSE
DMIS297	297	FBte0000675	LTR	RNA	X	22971509	LTR	FR	0.778	0.875	0.75	0.35	0.417	0.929	1	0.5	0.972	1	0.7571	0.634	0.8802	0.2462	1	8	4.56106908424834	0.0652150772814226	FALSE
DMIS297	297	FBte0000675	LTR	RNA	2R	2125482	LTR	F	0	0.189	0.387	0.138	0.083	0.695	0.965	0.386	0	0	0.2843	0.1594	0.4092	0.2498	1	8	0.718274371778565	0.421340573485773	FALSE
DMIS297	297	FBte0000675	LTR	RNA	2L	22647247	LTR	R	0.75	0.4	0.625	0	0.333	1	0.75	0.828	0.4	0.6	0.5686	0.4216	0.7156	0.294	1	8	3.15434471712076	0.113633515833644	FALSE
DMIS297	297	FBte0000675	LTR	RNA	3L	24509685	LTR	R	0.8	1	1	0.4	0.501	1	1	0.477	1	1	0.8178	0.7402	0.8954	0.1552	1	8	1.14561762792946	0.315695081780443	FALSE
DMIS297	297	FBte0000675	LTR	RNA	2R	3203079	LTR	R	0	0	0	0	0	0	0.449	0.321	0.205	0	0.0975	0	0.195	0.195	1	8	5.55373714114157	0.0462001303757064	FALSE
DMIS297	297	FBte0000675	LTR	RNA	2R	3112005	LTR	R	1	1	1	1	0	1	1	1	1	1	0.9	0.8	1	0.2	1	8	0.999999999999998	0.346593507087335	FALSE
DMIS297	297	FBte0000675	LTR	RNA	3L	25074343	LTR	R	0.546	0.226	0.097	0.385	0.223	0.714	0.803	0	0.555	0.865	0.4414	0.2954	0.5874	0.292	1	8	1.33850348057515	0.280673574351009	FALSE
DMIS297	297	FBte0000675	LTR	RNA	2R	3111464	LTR	F	0.875	0.455	0.501	0.429	0.103	0.594	0.636	0.875	0	0.439	0.4907	0.4726	0.5088	0.0362	1	8	0.00106877437370007	0.974721048063714	FALSE
DMIS297	297	FBte0000675	LTR	RNA	3L	24120270	LTR	R	0.496	0.846	0.863	0.394	0.249	0.679	0.689	0.971	0.442	0.536	0.6165	0.5696	0.6634	0.0938	1	8	0.395052807749046	0.547176658371268	FALSE
DMLINEJA	jockey	FBte0000088	non-LTR	RNA	3R	28102113	non-LTR	F	0.424	0.444	0	0.105	0	0.177	0.286	0.313	0.099	0.084	0.1932	0.1946	0.1918	-0.0028	1	8	0.258820474220566	0.624662057457699	FALSE
DMMDG3	mdg3	FBte0000010	LTR	RNA	2L	22969378	LTR	R	0.917	0.909	1	0.444	0.833	1	1	0.909	1	1	0.9012	0.8206	0.9818	0.1612	1	8	4.32599104054344	0.0711260513139597	FALSE
DMMDG3	mdg3	FBte0000010	LTR	RNA	3L	24388071	LTR	F	0.937	0.867	0.777	0.375	0.545	1	1	0.93	1	1	0.8431	0.7002	0.986	0.2858	1	8	14.4559751894377	0.00522101218503692	FALSE
DMMDG3	mdg3	FBte0000010	LTR	RNA	3L	23560312	LTR	F	0.186	0.73	0.721	0.398	0.47	0.33	0.492	0.78	0.247	0.218	0.4572	0.501	0.4134	-0.0876	1	8	0.333619302214988	0.579424652086901	FALSE
DMREPG	G-element	FBte0000657	non-LTR	RNA	2R	569855	non-LTR	R	0	0.8	0.5	0	1	1	1	0.834	1	1	0.7134	0.46	0.9668	0.5068	1	8	6.14781956912077	0.038142579076853	FALSE
DMREPG	G-element	FBte0000657	non-LTR	RNA	X	22399408	non-LTR	R	0.259	0.489	0.374	0.333	0.094	0.347	0.308	0.68	0.6	0.191	0.3675	0.3098	0.4252	0.1154	1	8	1.05073220518065	0.335331894452586	FALSE
DMRER2DM	R2-element	FBte0000030	non-LTR	RNA	X	23206574	non-LTR	F	1	1	0.979	0.4	1	1	1	0.774	0.867	1	0.902	0.8758	0.9282	0.0524	1	8	0.0256246013466959	0.876788567252608	FALSE
DMRER2DM	R2-element	FBte0000030	non-LTR	RNA	X	23201072	non-LTR	F	0.763	0.486	0.509	0.227	0.605	0.518	0.479	0.852	0.517	0.321	0.5277	0.518	0.5374	0.0194	1	8	0.0404508094070441	0.845621193760224	FALSE
DMRER2DM	R2-element	FBte0000030	non-LTR	RNA	X	23200795	non-LTR	R	0.7	0.65	0.769	0	0.341	0.794	0.564	0.785	0.867	0.399	0.5869	0.492	0.6818	0.1898	1	8	1.4187942811793	0.267740397989655	FALSE
DMRTMGD1	mdg1	FBte0000015	LTR	RNA	2R	2666171	LTR	F	0.422	0.691	1	0	0.322	0.736	0.87	0.201	0.603	0.172	0.5017	0.487	0.5164	0.0294	1	8	0.0103766307429889	0.921370183279368	FALSE
DMRTMGD1	mdg1	FBte0000015	LTR	RNA	3R	2816623	LTR	F	1	1	0.818	1	1	1	0.944	0.923	1	1	0.9685	0.9636	0.9734	0.00980000000000003	1	8	0.0212096484527917	0.887811896098319	FALSE
DMTHB1	HB	FBte0000414	TIR	DNA	2R	4200585	TIR	F	0	1	0.6	0.286	0.333	1	1	0.933	0.833	1	0.6985	0.4438	0.9532	0.5094	1	8	6.85933044842736	0.0306965669850235	FALSE
DMTHB1	HB	FBte0000414	TIR	DNA	2R	1736205	TIR	R	0.2	0.551	0.441	0	1	0.615	0.9	0.616	0.626	0.612	0.5561	0.4384	0.6738	0.2354	1	8	0.906089607109492	0.369023647517784	FALSE
DMTHB1	HB	FBte0000414	TIR	DNA	3L	27149264	TIR	F	1	0.5	0.667	0.166	0.4	1	1	1	1	1	0.7733	0.5466	1	0.4534	1	8	12.7438821229372	0.00729518795173659	FALSE
DMTHB1	HB	FBte0000414	TIR	DNA	4	849258	TIR	R	0.269	0.856	0.481	0	0	0	0.443	0.632	0	0	0.2681	0.3212	0.215	-0.1062	1	8	0.306213720292493	0.595135183285869	FALSE
DMTHB1	HB	FBte0000414	TIR	DNA	2L	21675149	TIR	R	0.615	0.8	0.714	0.5	0.776	0.929	1	0.857	0.995	0.988	0.8174	0.681	0.9538	0.2728	1	8	21.4898873540781	0.00167552338081213	FALSE
DMTHB1	HB	FBte0000414	TIR	DNA	3L	23070714	TIR	R	0.299	0.172	0.486	0.131	0.133	0.037	0.14	0.848	0	0	0.2246	0.2442	0.205	-0.0392	1	8	0.451424472012017	0.520586303579192	FALSE
DMTN1731	1731	FBte0000003	LTR	RNA	3L	25373334	LTR	R	0.913	0.97	0.977	0.364	0.8	1	1	0.934	1	1	0.8958	0.8048	0.9868	0.182	1	8	5.41039195609874	0.0484614804047186	FALSE
DMTNFB	FB	FBte0000288	FB	DNA	3R	1972429	FB	F	0.533	0.739	0.782	0.667	0.667	0.515	0.541	0.77	0.705	0.496	0.6415	0.6776	0.6054	-0.0721999999999999	1	8	1.03056766531948	0.339740755418265	FALSE
DMTOM1_LTR	Tom1	FBte0000400	LTR	RNA	3R	1966257	LTR	R	0.75	0.917	0.8	0	0.25	1	1	0.923	1	1	0.764	0.5434	0.9846	0.4412	1	8	8.99012612450456	0.0171145668112162	FALSE
DMTRDNA	hopper	FBte0000670	TIR	DNA	2R	2492970	TIR	R	0.714	0.833	0.333	1	1	1	1	0.909	0.857	1	0.8646	0.776	0.9532	0.1772	1	8	1.54763536801252	0.248698443737408	FALSE
DMTRDNA	hopper	FBte0000670	TIR	DNA	2R	2050920	TIR	R	0.5	1	0.889	0	0	0.456	0.225	0.875	0	0.273	0.4218	0.4778	0.3658	-0.112	1	8	0.100640363388272	0.759183786805187	FALSE
DMTRDNA	hopper	FBte0000670	TIR	DNA	2R	1464090	TIR	R	0.8	0.987	0.6	0.308	0.333	1	0.986	0.825	1	1	0.7839	0.6056	0.9622	0.3566	1	8	8.43611089744729	0.0197549862424818	FALSE
DMU89994	Burdock	FBte0000739	LTR	RNA	2R	1683148	LTR	R	0.274	0.201	0	0.1	0.197	0.516	0.24	0.225	1	1	0.3753	0.1544	0.5962	0.4418	1	8	5.78788157629116	0.0427875929401151	FALSE
DMW1DOC	Doc	FBte0000341	non-LTR	RNA	3L	26287968	non-LTR	R	0.455	0.494	0.514	0.195	0.266	0.479	0.358	0.3	1	0.477	0.4538	0.3848	0.5228	0.138	1	8	1.07392713091854	0.330366246292247	FALSE
DMW1DOC	Doc	FBte0000341	non-LTR	RNA	3L	25411061	non-LTR	R	0.714	1	1	1	0.333	1	1	0.833	1	1	0.888	0.8094	0.9666	0.1572	1	8	1.06002807351934	0.333328411314735	FALSE
DMW1DOC	Doc	FBte0000341	non-LTR	RNA	2R	3181963	non-LTR	F	0	0	0	0	0	0.328	0.245	0.026	0.144	0	0.0743	0	0.1486	0.1486	1	8	8.87505645596308	0.0176245135198695	FALSE
DMW1DOC	Doc	FBte0000341	non-LTR	RNA	3L	25406623	non-LTR	F	0.8	0.946	0.652	0.371	0.267	0.935	0.986	0.758	0.846	0.846	0.7407	0.6072	0.8742	0.267	1	8	3.8546577636616	0.0852184115795376	FALSE
DMW1DOC	Doc	FBte0000341	non-LTR	RNA	2L	22995027	non-LTR	R	0.444	0.875	0.512	0.5	0.286	0.976	1	0.864	0.902	0.908	0.7267	0.5234	0.93	0.4066	1	8	16.9500195121525	0.00335787452570561	FALSE
DMW1DOC	Doc	FBte0000341	non-LTR	RNA	3L	23620637	non-LTR	F	1	1	0.9	0.833	0.75	1	1	1	1	1	0.9483	0.8966	1	0.1034	1	8	5.47802290931937	0.0473773880381053	FALSE
DMW1DOC	Doc	FBte0000341	non-LTR	RNA	2R	1193118	non-LTR	F	1	1	1	1	1	1	1	0.842	1	1	0.9842	1	0.9684	-0.0316	1	8	1.00000000000001	0.346593507087333	FALSE
DOC2	Doc2-element	FBte0000103	non-LTR	RNA	2R	4732804	non-LTR	F	0.822	0.913	0.585	0.273	0.584	1	1	0.639	0.962	1	0.7778	0.6354	0.9202	0.2848	1	8	6.8947310961888	0.0303764789384735	FALSE
DOC2	Doc2-element	FBte0000103	non-LTR	RNA	3L	27647689	non-LTR	F	0.429	0.778	0.654	0.5	0.167	0.884	1	1	1	1	0.7412	0.5056	0.9768	0.4712	1	8	29.3774755744497	0.000630725336991655	FALSE
DOC2	Doc2-element	FBte0000103	non-LTR	RNA	3R	889742	non-LTR	R	1	1	0	0.5	1	1	1	1	1	1	0.85	0.7	1	0.3	1	8	2.25	0.172003291951912	FALSE
DOC2	Doc2-element	FBte0000103	non-LTR	RNA	3L	27652297	non-LTR	R	0.5	0.908	0.911	0.833	0.5	1	0.842	0.818	0.857	0.683	0.7852	0.7304	0.84	0.1096	1	8	1.07508472829266	0.330121324333775	FALSE
DOC2	Doc2-element	FBte0000103	non-LTR	RNA	2R	4552559	non-LTR	F	0.333	0.7	0.732	0.334	0.334	0.334	0.778	0.5	0.714	0.75	0.5509	0.4866	0.6152	0.1286	1	8	1.04168089833899	0.337300159155651	FALSE
DOC2	Doc2-element	FBte0000103	non-LTR	RNA	2R	2514397	non-LTR	R	0.462	0.833	0.8	0.154	0.364	1	1	0.952	0.875	1	0.744	0.5226	0.9654	0.4428	1	8	16.1954178922212	0.00381794443514048	FALSE
DOC3	Doc3-element	FBte0001140	non-LTR	RNA	3R	2206801	non-LTR	R	1	1	1	0.4	0	1	0.684	0.852	1	1	0.7936	0.68	0.9072	0.2272	1	8	0.727286940183441	0.418562909666332	FALSE
DOC3	Doc3-element	FBte0001140	non-LTR	RNA	2R	3821542	non-LTR	F	0.375	0.601	0.404	0	0.071	0.801	0.726	0.301	0.876	0.902	0.5057	0.2902	0.7212	0.431	1	8	7.08114976800644	0.028758920499394	FALSE
DOC3	Doc3-element	FBte0001140	non-LTR	RNA	2R	1012191	non-LTR	F	0.75	0.5	1	1	1	1	1	0.778	1	1	0.9028	0.85	0.9556	0.1056	1	8	0.723198056265153	0.419819353677066	FALSE
DOC3	Doc3-element	FBte0001140	non-LTR	RNA	2R	3879197	non-LTR	F	0.988	1	0.928	0.889	0.75	0.958	0.897	0.973	0.903	0.86	0.9146	0.911	0.9182	0.00719999999999998	1	8	0.0952816908975038	0.765452259808946	FALSE
DOC3	Doc3-element	FBte0001140	non-LTR	RNA	3R	2761776	non-LTR	F	0.333	1	1	0	0	1	1	1	0.499	1	0.6832	0.4666	0.8998	0.4332	1	8	2.9375150506704	0.124892046413945	FALSE
DOC3	Doc3-element	FBte0001140	non-LTR	RNA	2R	4506262	non-LTR	R	0.571	0.556	0.4	0	0.5	1	0.909	1	1	1	0.6936	0.4054	0.9818	0.5764	1	8	25.7768341625309	0.00095657143137872	FALSE
DOC3	Doc3-element	FBte0001140	non-LTR	RNA	3R	950175	non-LTR	F	1	1	0.75	0.375	0.5	1	0.875	0.667	0.818	0.89	0.7875	0.725	0.85	0.125	1	8	0.184906511351381	0.678538567916765	FALSE
DOC3	Doc3-element	FBte0001140	non-LTR	RNA	3R	2725704	non-LTR	F	1	0.742	0.571	0	0	0.827	0.859	0.9	0.398	1	0.6297	0.4626	0.7968	0.3342	1	8	1.96027912227539	0.199050618253416	FALSE
DOC3	Doc3-element	FBte0001140	non-LTR	RNA	2R	322811	non-LTR	R	0.889	0.933	1	0.625	0.636	1	0.9	0.971	1	1	0.8954	0.8166	0.9742	0.1576	1	8	4.07022218454673	0.078364314781483	FALSE
DOC3	Doc3-element	FBte0001140	non-LTR	RNA	3R	759421	non-LTR	F	0	0.72	0.708	0.072	0.071	0.521	1	0.865	1	1	0.5957	0.3142	0.8772	0.563	1	8	10.3763006100265	0.0122166909048082	FALSE
DOC3	Doc3-element	FBte0001140	non-LTR	RNA	3R	1588025	non-LTR	R	0.308	0.58	0.705	0	0.3	0.2	0.407	0.644	0.262	0.361	0.3767	0.3786	0.3748	-0.00379999999999997	1	8	0.0635054244558964	0.807392188526263	FALSE
DOC3	Doc3-element	FBte0001140	non-LTR	RNA	3L	26755632	non-LTR	F	0.333	1	0.75	0	0.333	0.498	0.455	0.905	0	0	0.4274	0.4832	0.3716	-0.1116	1	8	0.356496732725805	0.56696847056518	FALSE
DOC3	Doc3-element	FBte0001140	non-LTR	RNA	2R	5034579	non-LTR	F	1	1	1	0.444	1	1	1	0.857	0.889	1	0.919	0.8888	0.9492	0.0604	1	8	0.0143258554351912	0.90767938904961	FALSE
DOC4	Doc4-element	FBte0001039	non-LTR	RNA	2L	16856991	non-LTR	R	0.344	0.501	0.196	0.191	0.382	0.41	0.692	0.608	0.56	0.694	0.4578	0.3228	0.5928	0.27	1	8	11.4880438729206	0.00950837606912854	FALSE
DOC4	Doc4-element	FBte0001039	non-LTR	RNA	3R	1165020	non-LTR	F	1	0.333	0.667	0	0.333	1	1	1	1	1	0.7333	0.4666	1	0.5334	1	8	10.213900095435	0.0126899441610669	FALSE
DOC4	Doc4-element	FBte0001039	non-LTR	RNA	3R	2398439	non-LTR	F	0	1	0.857	0.334	0.334	1	1	1	1	1	0.7525	0.505	1	0.495	1	8	8.26320411503995	0.0206829702454144	FALSE
DOC4	Doc4-element	FBte0001039	non-LTR	RNA	3R	1028004	non-LTR	F	0.902	0.94	0.87	0.293	0	1	0.96	0.871	0.965	1	0.7801	0.601	0.9592	0.3582	1	8	4.30114800202956	0.0717903137515246	FALSE
DOC4	Doc4-element	FBte0001039	non-LTR	RNA	3R	1166468	non-LTR	F	0.3	0.888	0.561	0	0.266	0.406	0.811	0.469	0.63	0.356	0.4687	0.403	0.5344	0.1314	1	8	0.707924982364303	0.424567918877567	FALSE
DOC4	Doc4-element	FBte0001039	non-LTR	RNA	3R	1030472	non-LTR	R	0.5	1	0.975	0.091	0.111	1	1	0.721	1	1	0.7398	0.5354	0.9442	0.4088	1	8	4.06038467407925	0.0786612728694868	FALSE
DOC4	Doc4-element	FBte0001039	non-LTR	RNA	2R	4368652	non-LTR	R	0.25	0.938	1	0.25	0.5	1	1	1	0.889	0.889	0.7716	0.5876	0.9556	0.368	1	8	4.57827178644776	0.0648077193409353	FALSE
DOC4	Doc4-element	FBte0001039	non-LTR	RNA	2R	1096786	non-LTR	R	0.206	0.507	0.16	0	0.16	0.592	0.587	0.193	0.637	0.351	0.3393	0.2066	0.472	0.2654	1	8	4.68809186673959	0.0622826634991916	FALSE
DOC5	Porto1	FBte0000791	non-LTR	RNA	3R	2455160	non-LTR	R	0.857	0	0.914	0.4	0	1	0.762	0.815	0.808	0.817	0.6373	0.4342	0.8404	0.4062	1	8	3.87991160276373	0.0843763866169309	FALSE
DOC5	Porto1	FBte0000791	non-LTR	RNA	3R	2503500	non-LTR	R	0.24	0.904	0.667	0.333	0.184	0.531	0.421	0.954	0.604	1	0.5838	0.4656	0.702	0.2364	1	8	1.88524954669165	0.206989708384797	FALSE
DOC5	Porto1	FBte0000791	non-LTR	RNA	3L	27678645	non-LTR	F	0.333	0.947	1	0.499	0.722	1	0.937	1	1	0.957	0.8395	0.7002	0.9788	0.2786	1	8	5.03151790186945	0.0551576111293475	FALSE
DOC5	Porto1	FBte0000791	non-LTR	RNA	3L	25342189	non-LTR	F	0.297	0.238	0.256	0	0.311	0.474	0.431	0.396	0.506	0.473	0.3382	0.2204	0.456	0.2356	1	8	7.02163387631033	0.0292632208209394	FALSE
DOC5	Porto1	FBte0000791	non-LTR	RNA	2R	75801	non-LTR	R	0.568	0.362	0.52	0.333	0.373	0.569	0.644	0.64	0.451	0.49	0.495	0.4312	0.5588	0.1276	1	8	4.39401866086634	0.0693471175197816	FALSE
DOC5	Porto1	FBte0000791	non-LTR	RNA	2L	23429567	non-LTR	F	1	0.8	1	0	0.75	1	1	1	1	1	0.855	0.71	1	0.29	1	8	3.1768638240621	0.112541737427272	FALSE
DOC5	Porto1	FBte0000791	non-LTR	RNA	2R	101021	non-LTR	F	0.183	0.227	0.494	0.192	0	0.054	0	0.585	0.094	0.265	0.2094	0.2192	0.1996	-0.0196	1	8	0.0489188461140427	0.830496176900032	FALSE
F	F-element	FBte0000005	non-LTR	RNA	3R	451681	non-LTR	R	0	0.714	0.401	0	0.298	0.47	0.539	0.562	0.313	0	0.3297	0.2826	0.3768	0.0942	1	8	0.352247637525976	0.569239564199963	FALSE
F	F-element	FBte0000005	non-LTR	RNA	2R	711035	non-LTR	F	1	1	1	0.333	0.6	1	1	0.889	1	1	0.8822	0.7866	0.9778	0.1912	1	8	1.44565533433681	0.263603788105643	FALSE
F	F-element	FBte0000005	non-LTR	RNA	2L	22679819	non-LTR	F	1	0.875	0.501	0	1	1	0.375	0.167	0.572	1	0.649	0.6752	0.6228	-0.0524	1	8	0.000945662678486463	0.976220966669175	FALSE
F	F-element	FBte0000005	non-LTR	RNA	X	22765845	non-LTR	R	0	0	0.4	0.368	0	0.211	0.026	0	0.171	0.373	0.1549	0.1536	0.1562	0.00259999999999999	1	8	0.147072715182551	0.711339198430395	FALSE
F	F-element	FBte0000005	non-LTR	RNA	2R	44851	non-LTR	R	1	0.599	1	1	0.4	1	1	0.8	0.86	1	0.8659	0.7998	0.932	0.1322	1	8	0.428799432403588	0.530951300202442	FALSE
F	F-element	FBte0000005	non-LTR	RNA	3R	1305670	non-LTR	R	0.667	1	1	0.5	0.167	1	1	0.769	1	1	0.8103	0.6668	0.9538	0.287	1	8	2.75850680581537	0.135316775600228	FALSE
F	F-element	FBte0000005	non-LTR	RNA	3L	25705750	non-LTR	R	0.25	1	1	0	0	1	0.249	0.759	0	0	0.4258	0.45	0.4016	-0.0484	1	8	0.0481396559233669	0.83182724095438	FALSE
F	F-element	FBte0000005	non-LTR	RNA	3L	23366000	non-LTR	F	0.778	0.9	1	0.75	0.429	1	0.947	0.895	1	1	0.8699	0.7714	0.9684	0.197	1	8	4.33647445356999	0.0708481143604042	FALSE
F	F-element	FBte0000005	non-LTR	RNA	2R	4995050	non-LTR	R	0.857	0.75	0.917	0.333	0.8	1	1	0.81	1	1	0.8467	0.7314	0.962	0.2306	1	8	8.87992962398849	0.0176025319571062	FALSE
FROGGER	frogger	FBte0000314	LTR	RNA	3R	1357255	LTR	R	1	1	1	0.667	0.6	1	1	0.95	1	1	0.9217	0.8534	0.99	0.1366	1	8	1.67886320497404	0.231207989091763	FALSE
FROGGER	frogger	FBte0000314	LTR	RNA	2L	22318191	LTR	R	0.917	0.794	0.668	0.6	0.5	0.878	0.955	0.762	0.908	0.98	0.7962	0.6958	0.8966	0.2008	1	8	6.09061412929989	0.0388363743007481	FALSE
FROGGER	frogger	FBte0000314	LTR	RNA	3L	25895016	LTR	R	0.587	0.892	0.655	0.196	0.217	0.629	0.648	0.81	0.705	0.828	0.6167	0.5094	0.724	0.2146	1	8	2.09609173558005	0.185703712711091	FALSE
FROGGER	frogger	FBte0000314	LTR	RNA	2R	3201870	LTR	F	0.111	0.449	0.214	0.434	0.222	0.333	0.471	0.565	0.404	0.495	0.3698	0.286	0.4536	0.1676	1	8	4.65877683285462	0.0629441637536431	FALSE
FROGGER	frogger	FBte0000314	LTR	RNA	3R	1354934	LTR	R	0.544	0.625	0.556	0.102	0.333	0.818	0.606	0.889	0.295	0.37	0.5138	0.432	0.5956	0.1636	1	8	1.31590063774532	0.284476354775783	FALSE
FW2	Fw2	FBte0001002	non-LTR	RNA	2R	1010695	non-LTR	F	0.772	0.834	1	0.712	0.675	1	0.796	1	0.534	1	0.8323	0.7986	0.866	0.0674	1	8	0.835962298513976	0.387280889715482	FALSE
FW2	Fw2	FBte0001002	non-LTR	RNA	2R	5106939	non-LTR	R	0.667	0.813	0.5	0.333	0.75	0.971	0.867	0.833	1	0.944	0.7678	0.6126	0.923	0.3104	1	8	12.7925407445382	0.00722322976162176	FALSE
FW2	Fw2	FBte0001002	non-LTR	RNA	2R	3096462	non-LTR	R	0	1	0.759	0	0	1	1	0.809	1	1	0.6568	0.3518	0.9618	0.61	1	8	7.69739485868593	0.0241315526304845	FALSE
FW3	Fw3	FBte0000636	non-LTR	RNA	3L	26304943	non-LTR	R	0	0.675	0.784	0.5	0.333	1	0.996	0.633	0.8	1	0.6721	0.4584	0.8858	0.4274	1	8	7.63620143815403	0.0245467693654413	FALSE
G3	G3	FBte0001171	non-LTR	RNA	2R	3480259	non-LTR	F	0.2	0.952	0.638	0.429	0.333	1	1	0.8	0.907	1	0.7259	0.5104	0.9414	0.431	1	8	10.9467294826839	0.0107208012555651	FALSE
G3	G3	FBte0001171	non-LTR	RNA	3L	26019770	non-LTR	F	0.393	0.82	0.727	0.594	0	1	0.813	0.84	0.499	0.344	0.603	0.5068	0.6992	0.1924	1	8	1.43844289877793	0.264705511817771	FALSE
G3	G3	FBte0001171	non-LTR	RNA	3L	26029777	non-LTR	F	0.535	0.546	0.243	0.073	0	0.782	0.51	0.099	0.717	0.475	0.398	0.2794	0.5166	0.2372	1	8	2.15105326358633	0.180647388505203	FALSE
G4_DM	G4	FBte0000290	non-LTR	RNA	X	22404263	non-LTR	R	0.619	0.906	0.8	0.421	0.689	0.977	0.993	0.945	0.897	0.917	0.8164	0.687	0.9458	0.2588	1	8	12.1775823093632	0.00820275967874514	FALSE
G4_DM	G4	FBte0000290	non-LTR	RNA	3L	22641428	non-LTR	F	0.882	0.966	0.833	0.376	0.666	1	1	0.974	0.953	1	0.865	0.7446	0.9854	0.2408	1	8	9.98108886400613	0.0134093891276106	FALSE
G4_DM	G4	FBte0000290	non-LTR	RNA	3L	24891844	non-LTR	R	0.796	0.802	0.858	0.215	0.455	0.896	0.864	0.759	0.803	0.841	0.7289	0.6252	0.8326	0.2074	1	8	2.73951457549537	0.136489269471386	FALSE
G4_DM	G4	FBte0000290	non-LTR	RNA	2R	5277158	non-LTR	F	0.5	1	0.833	0.286	0.167	1	1	0.789	1	1	0.7575	0.5572	0.9578	0.4006	1	8	6.34420441666298	0.0358774209077033	FALSE
G4_DM	G4	FBte0000290	non-LTR	RNA	3R	1864413	non-LTR	R	0.588	0.79	0.707	0.384	0.468	0.595	0.607	0.795	0.756	0.634	0.6324	0.5874	0.6774	0.09	1	8	1.05345450931877	0.334743298727809	FALSE
G5_DM	G5	FBte0001128	non-LTR	RNA	3R	1431103	non-LTR	R	0.347	0.576	0.577	0.614	0.639	0.6	0.649	0.812	0.557	0.803	0.6174	0.5506	0.6842	0.1336	1	8	3.34529855608477	0.104795018719679	FALSE
G5_DM	G5	FBte0001128	non-LTR	RNA	3R	1428936	non-LTR	F	0.976	0.999	0.895	0.566	0.686	0.965	1	0.917	0.951	0.895	0.885	0.8244	0.9456	0.1212	1	8	1.27104575898823	0.292246840040501	FALSE
G5_DM	G5	FBte0001128	non-LTR	RNA	2L	20112453	non-LTR	R	0.857	0.875	0.5	0.501	0.6	0.889	0.818	0.539	1	1	0.7579	0.6666	0.8492	0.1826	1	8	3.01908904742026	0.12049168266406	FALSE
G5_DM	G5	FBte0001128	non-LTR	RNA	2R	37915	non-LTR	R	0.334	1	1	0.333	0	1	0.929	0.842	0.799	0.889	0.7126	0.5334	0.8918	0.3584	1	8	1.59694294039855	0.241915898920996	FALSE
G5_DM	G5	FBte0001128	non-LTR	RNA	3R	900646	non-LTR	R	0.656	1	0.706	0.107	0.19	0.643	0.806	0.905	0.652	0.882	0.6547	0.5318	0.7776	0.2458	1	8	1.01644763159977	0.34288042814699	FALSE
G5A	G5A	FBte0000174	non-LTR	RNA	X	2426471	non-LTR	R	0.8	1	1	0.8	0.25	0.834	0.883	0.694	0.665	0.857	0.7783	0.77	0.7866	0.0165999999999999	1	8	0.147492551211718	0.710949503682977	FALSE
G5A	G5A	FBte0000174	non-LTR	RNA	2R	3921857	non-LTR	R	0.323	0.207	0.216	0.25	0.421	0.304	0.239	0.036	0.452	0.8	0.3248	0.2834	0.3662	0.0828	1	8	0.190480780527002	0.674055989865187	FALSE
G6_DM	G6	FBte0000958	non-LTR	RNA	3L	23200947	non-LTR	R	0.454	1	0.909	0.111	0.5	1	1	1	0.8	0.667	0.7441	0.5948	0.8934	0.2986	1	8	2.67539972391422	0.140548114996063	FALSE
G7	G7	FBte0000690	non-LTR	RNA	2R	4932001	non-LTR	R	0.495	0.824	0.441	0.647	0.125	0.754	0.626	0.874	0.445	0.939	0.617	0.5064	0.7276	0.2212	1	8	2.3997401561401	0.15994841221422	FALSE
GTWIN	gtwin	FBte0001062	LTR	RNA	3L	24127875	LTR	F	1	0.923	0.636	0.818	0.486	1	0.947	0.667	0.875	0.839	0.8191	0.7726	0.8656	0.0930000000000001	1	8	0.400500612552593	0.544491660900235	FALSE
GYPSY10	gypsy10	FBte0000351	LTR	RNA	2R	2775688	LTR	R	0.375	0.833	0.667	0.25	0.143	1	0.909	0.714	1	1	0.6891	0.4536	0.9246	0.471	1	8	13.4124439502283	0.0063799859971176	FALSE
GYPSY10	gypsy10	FBte0000351	LTR	RNA	2R	2872104	LTR	R	1	0.705	0.707	0.286	0.333	1	1	0.759	0	1	0.679	0.6062	0.7518	0.1456	1	8	0.334075284926205	0.579170760932181	FALSE
GYPSY10	gypsy10	FBte0000351	LTR	RNA	3R	1449824	LTR	R	0.591	0.614	0.761	0.502	0.394	0.433	0.524	0.632	0.366	0.447	0.5264	0.5724	0.4804	-0.092	1	8	1.47361222058753	0.259394352151034	FALSE
GYPSY10	gypsy10	FBte0000351	LTR	RNA	3R	605182	LTR	FR	0.392	0.804	0.755	0.267	0.27	0.875	0.938	0.974	0.929	1	0.7204	0.4976	0.9432	0.4456	1	8	17.4071415987871	0.00311275801528816	FALSE
GYPSY10	gypsy10	FBte0000351	LTR	RNA	2R	3160542	LTR	R	0.917	0.917	0.6	0.571	0.222	0.933	0.981	0.83	0.852	1	0.7823	0.6454	0.9192	0.2738	1	8	4.80408783069708	0.0597509192253996	FALSE
GYPSY10	gypsy10	FBte0000351	LTR	RNA	2R	5161938	LTR	F	0.75	0.5	0.333	0.125	0.4	1	0.75	0.444	0.667	1	0.5969	0.4216	0.7722	0.3506	1	8	5.48343646273883	0.0472919539741838	FALSE
GYPSY11	gypsy11	FBte0001041	LTR	RNA	X	21792867	LTR	R	0.8	1	0.5	0.333	0.333	0	1	0.5	1	1	0.6466	0.5932	0.7	0.1068	1	8	0.196368075478091	0.669407004290784	FALSE
GYPSY11	gypsy11	FBte0001041	LTR	RNA	3L	24272111	LTR	F	0.833	1	0.9	0	1	1	0.773	1	0.8	0.8	0.8106	0.7466	0.8746	0.128	1	8	0.32490357485887	0.58432350328666	FALSE
GYPSY11	gypsy11	FBte0001041	LTR	RNA	3R	2582045	LTR	R	0.499	0.749	0	0	0	1	1	0.833	1	1	0.6081	0.2496	0.9666	0.717	1	8	21.2594672578472	0.00173085910975303	FALSE
GYPSY11	gypsy11	FBte0001041	LTR	RNA	2R	2773778	LTR	R	0.667	1	0.667	0.333	0	1	0.95	0.941	1	1	0.7558	0.5334	0.9782	0.4448	1	8	6.25181913305382	0.0369211024104748	FALSE
GYPSY11	gypsy11	FBte0001041	LTR	RNA	3R	2581707	LTR	F	1	1	0.499	0.666	1	1	1	1	1	1	0.9165	0.833	1	0.167	1	8	2.60278062467885	0.145340790113247	FALSE
GYPSY11	gypsy11	FBte0001041	LTR	RNA	3R	2162394	LTR	F	0.25	0.75	0.5	0.143	0.239	1	0.833	1	0.624	1	0.6339	0.3764	0.8914	0.515	1	8	15.0162783785626	0.00470737884959934	FALSE
GYPSY11	gypsy11	FBte0001041	LTR	RNA	3R	3356322	LTR	F	0.604	0.263	0.567	0.333	0.179	0.544	0.344	0.37	0.5	0.993	0.4697	0.3892	0.5502	0.161	1	8	1.35174963604861	0.278478969685086	FALSE
GYPSY12	gypsy12	FBte0001136	LTR	RNA	2R	4284280	LTR	F	0.333	1	0.5	0	0.125	1	0.75	0.846	1	1	0.6554	0.3916	0.9192	0.5276	1	8	6.31462383731216	0.0362074695650766	FALSE
GYPSY12	gypsy12	FBte0001136	LTR	RNA	3R	2123657	LTR	F	1	1	0.333	0.25	0	0.75	1	0.8	1	1	0.7133	0.5166	0.91	0.3934	1	8	2.41357768417392	0.158892251096394	FALSE
GYPSY12	gypsy12	FBte0001136	LTR	RNA	3R	2133095	LTR	F	0.5	0.833	0.75	0.286	0	0.833	0.75	0.667	0.25	0.429	0.5298	0.4738	0.5858	0.112	1	8	0.518179403675958	0.492111198836892	FALSE
GYPSY12	gypsy12	FBte0001136	LTR	RNA	3L	26816855	LTR	R	0	0.4	0.296	0	0.2	0	0.279	0.507	0.143	0	0.1825	0.1792	0.1858	0.00659999999999999	1	8	0.000150492896919508	0.990512564970073	FALSE
GYPSY2	gypsy2	FBte0001040	LTR	RNA	2R	710991	LTR	R	1	1	0.9	0.333	1	0.909	1	0.9	1	1	0.9042	0.8466	0.9618	0.1152	1	8	0.416831648936274	0.536596424587188	FALSE
GYPSY2	gypsy2	FBte0001040	LTR	RNA	2R	3348702	LTR	F	0.875	0.8	0.75	0	0.5	0.875	1	0.667	1	1	0.7467	0.585	0.9084	0.3234	1	8	4.6628762109393	0.0628511204036257	FALSE
GYPSY2	gypsy2	FBte0001040	LTR	RNA	3L	23365970	LTR	R	1	1	0.75	0.75	1	1	0.962	0.906	1	1	0.9368	0.9	0.9736	0.0736	1	8	0.563562430542899	0.474328014630741	FALSE
GYPSY2	gypsy2	FBte0001040	LTR	RNA	3R	991015	LTR	R	1	0.867	0.857	0	1	0.8	1	1	0.498	0	0.7022	0.7448	0.6596	-0.0852000000000001	1	8	0.0568253277588265	0.817578453345568	FALSE
GYPSY2	gypsy2	FBte0001040	LTR	RNA	3L	24980590	LTR	R	0.333	1	0.5	0.667	0	1	1	0.933	0.852	0	0.6285	0.5	0.757	0.257	1	8	0.772455780825951	0.405082515589692	FALSE
GYPSY2	gypsy2	FBte0001040	LTR	RNA	3L	24313164	LTR	F	0.389	0.272	0.457	0	0	0.572	0.516	0.322	0.143	0.412	0.3083	0.2236	0.393	0.1694	1	8	2.27918102625773	0.169560675596493	FALSE
GYPSY2	gypsy2	FBte0001040	LTR	RNA	2R	899101	LTR	R	0.774	1	0.748	0.6	0.429	1	0.964	0.577	1	1	0.8092	0.7102	0.9082	0.198	1	8	2.81209935361645	0.13207916610466	FALSE
GYPSY2	gypsy2	FBte0001040	LTR	RNA	3L	27162248	LTR	R	0.75	0.822	1	0.5	0.4	0.857	0.871	0.79	0.239	0.521	0.675	0.6944	0.6556	-0.0388000000000001	1	8	0.173179329725261	0.688241404445969	FALSE
GYPSY2	gypsy2	FBte0001040	LTR	RNA	2R	4414463	LTR	F	0.567	0.848	0.772	1	0.557	0.804	0.784	0.944	0.677	0.711	0.7664	0.7488	0.784	0.0352	1	8	0.000122927892548066	0.991425312992877	FALSE
GYPSY3	gypsy3	FBte0001030	LTR	RNA	2R	5596887	LTR	R	1	0.5	0.333	1	0.5	1	0.667	0.81	0.702	1	0.7512	0.6666	0.8358	0.1692	1	8	0.500695259972445	0.499286610462825	FALSE
GYPSY3	gypsy3	FBte0001030	LTR	RNA	2R	5590385	LTR	F	0.857	0.889	1	0.4	0.333	1	1	1	1	1	0.8479	0.6958	1	0.3042	1	8	8.19940160877677	0.0210392584647059	FALSE
GYPSY3	gypsy3	FBte0001030	LTR	RNA	3R	364956	LTR	F	0.75	1	1	0.249	0	1	1	1	1	0.8	0.7799	0.5998	0.96	0.3602	1	8	2.81860165874667	0.131693335408135	FALSE
GYPSY3	gypsy3	FBte0001030	LTR	RNA	2R	2706016	LTR	F	0.333	0.375	0.428	0	0	0.167	0.375	0.7	0.084	0	0.2462	0.2272	0.2652	0.038	1	8	0.104533878553876	0.754744758521275	FALSE
GYPSY4	gypsy4	FBte0000688	LTR	RNA	2R	1248290	LTR	F	0.692	0.779	0.749	0.654	0.645	1	1	0.922	0.909	1	0.835	0.7038	0.9662	0.2624	1	8	34.2472535095791	0.000381861142003272	FALSE
GYPSY6	gypsy6	FBte0001175	LTR	RNA	2R	1485516	LTR	R	0.776	0.839	0.913	0	0	0.947	0.886	0.792	0.985	0.95	0.7088	0.5056	0.912	0.4064	1	8	4.01864041538208	0.0799376528145436	FALSE
GYPSY6	gypsy6	FBte0001175	LTR	RNA	X	23433788	LTR	F	0	0.653	0.5	0.25	0.667	0.2	0.672	0.8	0.8	0.5	0.5042	0.414	0.5944	0.1804	1	8	1.28272635064657	0.290193978932795	FALSE
GYPSY7	gypsy7	FBte0000171	LTR	RNA	3R	3963846	LTR	FR	0.7	0.5	0.667	0.083	0.125	0.751	0.95	0.817	0.8	1	0.6393	0.415	0.8636	0.4486	1	8	10.1714952153845	0.0128172990967125	FALSE
GYPSY7	gypsy7	FBte0000171	LTR	RNA	3L	26671549	LTR	FR	0.156	0.9	0.822	0.083	0.1	1	0.948	0.898	0.916	1	0.6823	0.4122	0.9524	0.5402	1	8	10.5215809207487	0.01181200648109	FALSE
GYPSY7	gypsy7	FBte0000171	LTR	RNA	3L	28039786	LTR	F	1	0.857	0	0.333	0.25	0.75	0.895	0.96	0.385	0.334	0.5764	0.488	0.6648	0.1768	1	8	0.454631434918175	0.519148316312206	FALSE
GYPSY7	gypsy7	FBte0000171	LTR	RNA	2R	4194837	LTR	R	0.5	1	0.75	0	0.286	0.917	1	0.938	1	1	0.7391	0.5072	0.971	0.4638	1	8	6.205005330822	0.0374646867139643	FALSE
GYPSY8	gypsy8	FBte0000168	LTR	RNA	2R	4295390	LTR	R	0.636	0.515	1	0.333	0.428	0.836	0.778	0.473	0.579	0.407	0.5985	0.5824	0.6146	0.0322	1	8	0.00590010383405856	0.940659286002278	FALSE
GYPSY8	gypsy8	FBte0000168	LTR	RNA	2L	22395607	LTR	FR	0.512	0.826	0.381	0.214	0.16	0.742	0.689	0.661	0.703	0.793	0.5681	0.4186	0.7176	0.299	1	8	5.59924214604745	0.0455104923896832	FALSE
GYPSY8	gypsy8	FBte0000168	LTR	RNA	2R	4876696	LTR	R	0	0.383	0.381	0.143	0	0	0.168	0.692	0.393	0.535	0.2695	0.1814	0.3576	0.1762	1	8	1.07872252424892	0.329353417544029	FALSE
GYPSY8	gypsy8	FBte0000168	LTR	RNA	2R	4312366	LTR	F	0	0.298	0.271	0	0.153	0.219	0.274	0.363	0.17	0.13	0.1878	0.1444	0.2312	0.0868	1	8	1.92898887323003	0.202309964878745	FALSE
GYPSY8	gypsy8	FBte0000168	LTR	RNA	3L	26030184	LTR	F	0.112	0.668	0.652	0.137	0.206	0.363	0.5	0.303	0.173	0.249	0.3363	0.355	0.3176	-0.0374	1	8	0.0266198123253958	0.874442003394624	FALSE
GYPSY9	gypsy9	FBte0000764	LTR	RNA	3R	1159214	LTR	F	0.6	1	1	0	0.5	1	0.667	1	1	1	0.7767	0.62	0.9334	0.3134	1	8	2.34631143148847	0.164115716741593	FALSE
GYPSY9	gypsy9	FBte0000764	LTR	RNA	3R	3080508	LTR	F	0	0.5	1	0.2	0.5	1	1	0	1	1	0.62	0.44	0.8	0.36	1	8	1.7435696868689	0.223211455120087	FALSE
GYPSY9	gypsy9	FBte0000764	LTR	RNA	3R	1157092	LTR	F	1	1	1	0	0.5	1	1	1	1	1	0.85	0.7	1	0.3	1	8	2.25	0.172003291951912	FALSE
GYPSY9	gypsy9	FBte0000764	LTR	RNA	3R	1156828	LTR	R	0.667	1	1	0.75	0.25	0.75	0.667	0.2	0.8	1	0.7084	0.7334	0.6834	-0.05	1	8	0.154618397539309	0.704431451679869	FALSE
HEL	Helena	FBte0000984	non-LTR	RNA	X	22727173	non-LTR	R	0.666	0.75	1	0.333	0.333	0.8	1	0.842	1	1	0.7724	0.6164	0.9284	0.312	1	8	4.47579544295163	0.0672835998880475	FALSE
INE1	INE-1	FBte0000312	TIR	DNA	2R	2049539	TIR	F	0.253	0.344	0	0	0.125	0.641	0.549	0.417	0.549	0.168	0.3046	0.1444	0.4648	0.3204	1	8	7.82654588647547	0.0232839592845933	FALSE
INE1	INE-1	FBte0000312	TIR	DNA	2R	3190299	TIR	F	0.117	0.315	0	0.131	0.062	0.292	0.212	0.079	0.5	0.42	0.2128	0.125	0.3006	0.1756	1	8	3.71648396016642	0.0900232050433764	FALSE
INE1	INE-1	FBte0000312	TIR	DNA	3L	24725603	TIR	R	0.204	0.279	0.317	0	0.382	0.423	0.234	0.087	0.244	0.847	0.3017	0.2364	0.367	0.1306	1	8	0.921753279522276	0.365129473243539	FALSE
INE1	INE-1	FBte0000312	TIR	DNA	3R	4193608	TIR	F	0.301	0.934	0.325	0.182	0.379	1	0.889	0	1	0.828	0.5838	0.4242	0.7434	0.3192	1	8	1.37215184362101	0.275146749242454	FALSE
INE1	INE-1	FBte0000312	TIR	DNA	2R	4387371	TIR	R	0.125	0.7	0.333	0.286	0.2	1	0.895	0.522	1	1	0.6061	0.3288	0.8834	0.5546	1	8	16.6134007492056	0.00355399267328905	FALSE
INE1	INE-1	FBte0000312	TIR	DNA	4	1234242	TIR	F	0.129	0.306	0	0	0	0.485	0.23	0.352	0.459	0.303	0.2264	0.087	0.3658	0.2788	1	8	11.9714749949626	0.00856801592925518	FALSE
INE1	INE-1	FBte0000312	TIR	DNA	2L	23334592	TIR	F	0.418	0.15	0.253	0	0.069	0.192	0.342	0.301	0.137	0	0.1862	0.178	0.1944	0.0164	1	8	0.0315343052139998	0.863467534405649	FALSE
INE1	INE-1	FBte0000312	TIR	DNA	2L	21877673	TIR	F	0.276	0.297	0	0.313	0.296	0.323	0.502	0.201	0.139	0	0.2347	0.2364	0.233	-0.00339999999999999	1	8	0.00467078252558859	0.947189807750047	FALSE
INE1	INE-1	FBte0000312	TIR	DNA	3R	7274853	TIR	R	0.217	0.137	0.069	0.137	0.15	0.09	0.07	0.162	0.064	0.104	0.12	0.142	0.098	-0.044	1	8	2.24342122385272	0.172560503218781	FALSE
INVADER	invader1	FBte0000357	LTR	RNA	2L	22328279	LTR	F	0.408	0.437	0.301	0	0.081	0.671	0.607	0.89	0.91	0.873	0.5178	0.2454	0.7902	0.5448	1	8	17.2633178647566	0.00318738590580505	FALSE
INVADER	invader1	FBte0000357	LTR	RNA	3L	25493635	LTR	F	0.5	0.095	0.568	0.248	0.2	0.436	0	0.425	0.501	0.572	0.3545	0.3222	0.3868	0.0646	1	8	0.0220644814120062	0.885591665446073	FALSE
INVADER	invader1	FBte0000357	LTR	RNA	3L	23553829	LTR	R	0.386	0.886	0.632	0.4	0.5	0.973	1	0.887	0.944	0.75	0.7358	0.5608	0.9108	0.35	1	8	11.6303351335285	0.00921867722925619	FALSE
INVADER	invader1	FBte0000357	LTR	RNA	2R	5044676	LTR	R	0.286	0.98	0.798	0	0.5	1	1	0.896	1	1	0.746	0.5128	0.9792	0.4664	1	8	8.37281298718933	0.0200884842754698	FALSE
INVADER	invader1	FBte0000357	LTR	RNA	3L	26824945	LTR	F	0.4	1	0.625	0.501	0.6	1	0.923	0.714	1	1	0.7763	0.6252	0.9274	0.3022	1	8	5.07852586668317	0.0542651312552858	FALSE
INVADER2	invader2	FBte0001084	LTR	RNA	2R	3663854	LTR	R	0.991	0.97	0.844	0.6	0.778	0.857	1	0.715	1	1	0.8755	0.8366	0.9144	0.0778	1	8	1.25550648907499	0.295010748976251	FALSE
INVADER2	invader2	FBte0001084	LTR	RNA	3R	3766452	LTR	R	0.869	0.878	0.862	0.25	0.833	0.803	0.731	0.929	0.679	0.676	0.751	0.7384	0.7636	0.0252000000000001	1	8	0.0159936401674014	0.902483815119214	FALSE
INVADER2	invader2	FBte0001084	LTR	RNA	2R	1408466	LTR	R	0.389	0.615	0.518	0.492	0.353	0.439	0.463	0.737	0.575	0.388	0.4969	0.4734	0.5204	0.047	1	8	0.381565741757447	0.553938947564208	FALSE
INVADER2	invader2	FBte0001084	LTR	RNA	2R	4912888	LTR	R	0.509	0.802	1	0	0.75	0.864	0.416	0.895	1	0.371	0.6607	0.6122	0.7092	0.0970000000000001	1	8	0.289950899157026	0.604906583764022	FALSE
INVADER2	invader2	FBte0001084	LTR	RNA	3L	26567596	LTR	F	0.694	0.685	0	0	0	0.993	0.905	0.606	0.735	1	0.5618	0.2758	0.8478	0.572	1	8	9.8428776704703	0.0138608628524477	FALSE
INVADER3	invader3	FBte0000619	LTR	RNA	3R	2179950	LTR	F	0.764	0.909	0.743	0.342	0.098	0.735	0.751	0.885	0.681	0.512	0.642	0.5712	0.7128	0.1416	1	8	0.681166064771864	0.433105193633269	FALSE
INVADER3	invader3	FBte0000619	LTR	RNA	2L	20165721	LTR	F	0.214	0.941	0.941	0	0.577	0.854	0.868	0.924	0.665	0.458	0.6442	0.5346	0.7538	0.2192	1	8	1.00624322545924	0.345176923169921	FALSE
INVADER4	invader4	FBte0000292	LTR	RNA	2L	22640163	LTR	R	0.6	0.846	0.823	0.375	0	0.934	0.974	0.969	0.857	0.696	0.7074	0.5288	0.886	0.3572	1	8	4.58328686718057	0.064689577854907	FALSE
INVADER4	invader4	FBte0000292	LTR	RNA	3L	23598709	LTR	F	1	1	0.8	0.5	0.25	1	0.692	0.882	0.333	0	0.6457	0.71	0.5814	-0.1286	1	8	0.471029076570349	0.511911417360898	FALSE
INVADER4	invader4	FBte0000292	LTR	RNA	3L	26848632	LTR	R	0.25	0.334	0.499	0	0.5	1	0.8	0.8	1	1	0.6183	0.3166	0.92	0.6034	1	8	21.0595572334862	0.00178073333329464	FALSE
IVK	Ivk	FBte0000608	non-LTR	RNA	2R	4284023	non-LTR	R	0.444	0.75	1	0.333	0.333	1	0.875	1	1	1	0.7735	0.572	0.975	0.403	1	8	8.87083236135308	0.0176435952992798	FALSE
IVK	Ivk	FBte0000608	non-LTR	RNA	2R	1901651	non-LTR	R	0.4	0.937	1	0.5	0.4	1	0.923	0.9	0.571	0.25	0.6881	0.6474	0.7288	0.0814	1	8	0.119090629872197	0.738920690131011	FALSE
JOCKEY2	jockey2	FBte0001092	non-LTR	RNA	2R	3117228	non-LTR	R	0.148	0.246	0.223	0	0	0.375	0.499	0.564	0.784	0.603	0.3442	0.1234	0.565	0.4416	1	8	17.7075192951606	0.0029638291190552	FALSE
LOOPER1_DM	looper1	FBte0000323	TIR	DNA	3L	24302326	TIR	F	0.69	0.936	0.857	0.161	0.278	0.92	0.906	0.92	0.769	1	0.7437	0.5844	0.903	0.3186	1	8	4.39899681402317	0.0692191954809859	FALSE
MARINER2	mariner2	FBte0001033	TIR	DNA	2R	2108922	TIR	F	1	1	1	1	0.499	1	1	0.75	1	1	0.9249	0.8998	0.95	0.0501999999999999	1	8	0.0773753530810629	0.787940340391996	FALSE
MARINER2	mariner2	FBte0001033	TIR	DNA	2R	1777034	TIR	F	0.4	0.504	0.359	0	0.439	0.485	0.363	0.555	0.349	0.132	0.3586	0.3404	0.3768	0.0364	1	8	0.260218417458806	0.623742907079837	FALSE
MARINER2	mariner2	FBte0001033	TIR	DNA	2R	3070808	TIR	R	1	1	1	0.499	0.833	1	1	1	0.834	1	0.9166	0.8664	0.9668	0.1004	1	8	0.769689087861658	0.405887809775177	FALSE
MARINER2	mariner2	FBte0001033	TIR	DNA	X	22517249	TIR	R	0.75	0.887	0.911	0.281	0.533	0.98	0.959	0.752	0.968	0.923	0.7944	0.6724	0.9164	0.244	1	8	4.64090701627526	0.0633518232911118	FALSE
MARINER2	mariner2	FBte0001033	TIR	DNA	2L	23029535	TIR	R	0.385	0.853	0.366	0.222	0.4	0.856	0.943	0.915	0.724	0.787	0.6451	0.4452	0.845	0.3998	1	8	11.7981319793777	0.00889115522120802	FALSE
MARINER2	mariner2	FBte0001033	TIR	DNA	2L	21686668	TIR	F	0.7	0.778	0.769	0	0	1	0.694	0.905	0.75	0.333	0.5929	0.4494	0.7364	0.287	1	8	2.39875465846127	0.16002398884281	FALSE
MARINER2	mariner2	FBte0001033	TIR	DNA	3R	3268052	TIR	R	0.258	0.278	0.767	0.262	0.171	0.199	0.324	0.33	0.514	1	0.4103	0.3472	0.4734	0.1262	1	8	0.669139105539905	0.437036102849986	FALSE
MARINER2	mariner2	FBte0001033	TIR	DNA	3R	557643	TIR	F	0.25	0.455	0.8	0.376	0.367	0.223	0.506	0.889	0.328	0	0.4194	0.4496	0.3892	-0.0604	1	8	0.249004946930886	0.631206982342776	FALSE
MARINER2	mariner2	FBte0001033	TIR	DNA	2R	5182322	TIR	R	0	0.75	1	0	0.667	1	1	0.638	1	0.833	0.6888	0.4834	0.8942	0.4108	1	8	3.60872962895528	0.0940162974990216	FALSE
MARINER2	mariner2	FBte0001033	TIR	DNA	3R	2679054	TIR	R	0.806	0.863	0.954	0.25	0.361	0.719	0.756	0.897	0.472	0.652	0.673	0.6468	0.6992	0.0524	1	8	0.0392893879139259	0.847820751888639	FALSE
MARINER2	mariner2	FBte0001033	TIR	DNA	3R	3470107	TIR	R	0.455	0.846	0.727	0.273	0.647	1	1	0.8	1	0.857	0.7605	0.5896	0.9314	0.3418	1	8	11.8027119238146	0.00888242240169458	FALSE
McCLINTOCK	McClintock	FBte0000926	LTR	RNA	3L	23613030	LTR	R	0.577	0.682	0.449	0.318	0.161	0	0.532	0.544	0	0.156	0.3419	0.4374	0.2464	-0.191	1	8	2.14404721781996	0.181281483628462	FALSE
QBERT	accord2	FBte0001166	LTR	RNA	2R	5599341	LTR	F	0.333	1	1	0.333	0.75	1	1	0.875	0.875	1	0.8166	0.6832	0.95	0.2668	1	8	2.18843957150381	0.177313847625048	FALSE
QBERT	accord2	FBte0001166	LTR	RNA	2R	1865157	LTR	R	0.822	0.833	0.846	0.125	0.8	0.918	0.933	1	0.852	0.696	0.7825	0.6852	0.8798	0.1946	1	8	2.35346243135037	0.16354959271439	FALSE
QBERT	accord2	FBte0001166	LTR	RNA	2L	23039387	LTR	R	0.5	0.75	1	0.167	1	1	1	0.405	1	1	0.7822	0.6834	0.881	0.1976	1	8	1.22575670923317	0.300409603565441	FALSE
QBERT	accord2	FBte0001166	LTR	RNA	3R	3395192	LTR	R	1	1	1	0	1	1	1	1	1	1	0.9	0.8	1	0.2	1	8	0.999999999999998	0.346593507087335	FALSE
QBERT	accord2	FBte0001166	LTR	RNA	3L	25750234	LTR	R	0.714	0.714	0.5	0.25	0.501	1	0.714	0.75	1	1	0.7143	0.5358	0.8928	0.357	1	8	10.9587558602086	0.0106918193217176	FALSE
QBERT	accord2	FBte0001166	LTR	RNA	2R	1864086	LTR	F	0.727	1	0.778	0.5	1	1	0.857	0.917	1	1	0.8779	0.801	0.9548	0.1538	1	8	1.65018372675078	0.234880003979882	FALSE
QUASIMODO	Quasimodo	FBte0000640	LTR	RNA	3L	23418072	LTR	R	0.667	1	1	0.667	0.595	0.972	1	0.789	1	1	0.869	0.7858	0.9522	0.1664	1	8	1.94585853990448	0.200543749749423	FALSE
QUASIMODO	Quasimodo	FBte0000640	LTR	RNA	2R	4632844	LTR	R	0.731	0.559	0.597	0.51	0.6	0.799	1	0.754	1	1	0.755	0.5994	0.9106	0.3112	1	8	14.7719049060098	0.00492322217873377	FALSE
QUASIMODO	Quasimodo	FBte0000640	LTR	RNA	2L	13449480	LTR	F	0.184	0	0.613	0.223	0.358	0	0.09	0.176	0	0.135	0.1779	0.2756	0.0802	-0.1954	1	8	2.44785647056587	0.156315729365724	FALSE
QUASIMODO	Quasimodo	FBte0000640	LTR	RNA	3R	3298480	LTR	F	0	0.667	0.714	0	0	1	1	0.893	1	0.352	0.5626	0.2762	0.849	0.5728	1	8	9.3895087939574	0.0154828577193134	FALSE
QUASIMODO	Quasimodo	FBte0000640	LTR	RNA	2R	2701393	LTR	F	0.643	1	0.857	0	0.572	0.9	0.884	0.92	1	1	0.7776	0.6144	0.9408	0.3264	1	8	3.02890635144499	0.119975914837748	FALSE
QUASIMODO	Quasimodo	FBte0000640	LTR	RNA	2R	2337967	LTR	R	0.667	0.167	0	0	0.5	0	0.636	0.875	0.1	0	0.2945	0.2668	0.3222	0.0553999999999999	1	8	0.0344049941331355	0.857464511925344	FALSE
QUASIMODO	Quasimodo	FBte0000640	LTR	RNA	3R	643465	LTR	R	0.362	0.872	0.593	0.111	0.2	0.683	0.524	0.944	1	0.312	0.5601	0.4276	0.6926	0.265	1	8	2.21602003128068	0.174907666035325	FALSE
QUASIMODO	Quasimodo	FBte0000640	LTR	RNA	3L	24416599	LTR	R	0.909	0.857	0.875	0	0.501	1	0.955	0.951	0.928	1	0.7976	0.6284	0.9668	0.3384	1	8	4.86891775996094	0.0583932406136232	FALSE
QUASIMODO	Quasimodo	FBte0000640	LTR	RNA	3L	26755599	LTR	R	0.25	1	0.857	0.111	0.4	0.997	1	0.917	0.833	1	0.7365	0.5236	0.9494	0.4258	1	8	5.29190659300554	0.050438191414141	FALSE
R1-2	R1-2	FBte0000720	non-LTR	RNA	3L	24163671	non-LTR	F	0	0.721	0.356	0.429	0.5	0.845	0.639	0.878	1	1	0.6368	0.4012	0.8724	0.4712	1	8	9.79045978965609	0.0140370854810106	FALSE
ROOA_LTR	rooA	FBte0000765	LTR	RNA	2R	5236901	LTR	F	0.234	0.889	0.819	0.285	0.161	0.917	0.858	0.915	1	0.877	0.6955	0.4776	0.9134	0.4358	1	8	8.44636232094459	0.0197016338068347	FALSE
ROOA_LTR	rooA	FBte0000765	LTR	RNA	2R	5018804	LTR	F	0.591	0.701	0.665	0.425	0.143	0.398	0.471	0.842	0.554	0.499	0.5289	0.505	0.5528	0.0478	1	8	0.194204721023248	0.671105377084773	FALSE
ROOA_LTR	rooA	FBte0000765	LTR	RNA	3L	23122972	LTR	F	0.128	0.1	0.081	0.074	0.168	0.197	0.126	0.045	0.148	0.216	0.1283	0.1102	0.1464	0.0362	1	8	0.777560543944562	0.403603449292796	FALSE
ROOA_LTR	rooA	FBte0000765	LTR	RNA	2R	5330527	LTR	F	0.8	0.6	1	0.375	0	0.933	1	0.826	0.935	1	0.7469	0.555	0.9388	0.3838	1	8	3.87091206706021	0.0846752141451858	FALSE
ROOA_LTR	rooA	FBte0000765	LTR	RNA	2R	6328103	LTR	F	0.833	0.231	0.5	0.085	0.2	0.5	0.544	0.762	0.459	0.507	0.4621	0.3698	0.5544	0.1846	1	8	1.61134425905287	0.239983939734925	FALSE
ROOA_LTR	rooA	FBte0000765	LTR	RNA	3L	23453949	LTR	R	0.882	1	0.302	0.475	0.385	1	1	0.742	0.773	1	0.7559	0.6088	0.903	0.2942	1	8	3.18618680586736	0.112093754921425	FALSE
ROOA_LTR	rooA	FBte0000765	LTR	RNA	3R	2824362	LTR	R	0.625	0.75	0.727	0	0.365	1	1	0.941	1	0.945	0.7353	0.4934	0.9772	0.4838	1	8	13.545997604865	0.00621477394998036	FALSE
ROOA_LTR	rooA	FBte0000765	LTR	RNA	2R	4031891	LTR	F	0.635	0.987	0.75	0.194	0.543	0.744	0.935	0.627	0.923	0.619	0.6957	0.6218	0.7696	0.1478	1	8	0.662889045927997	0.439102601821784	FALSE
ROOA_LTR	rooA	FBte0000765	LTR	RNA	2R	3938028	LTR	R	0.837	0.923	0.553	0.16	0.3	1	0.991	0.824	0.968	1	0.7556	0.5546	0.9566	0.402	1	8	9.69654769307486	0.0143599220420129	FALSE
ROOA_LTR	rooA	FBte0000765	LTR	RNA	3L	27902900	LTR	FR	0.722	0.773	0.875	0.386	0.6	1	0.982	0.9	1	1	0.8238	0.6712	0.9764	0.3052	1	8	20.9281273180046	0.00181450576631775	FALSE
ROOA_LTR	rooA	FBte0000765	LTR	RNA	2R	6327837	LTR	R	0.5	0.354	0.6	0	0	0.571	0.135	0.847	0.274	0.172	0.3453	0.2908	0.3998	0.109	1	8	0.775388356288085	0.404231755778443	FALSE
ROOA_LTR	rooA	FBte0000765	LTR	RNA	2R	2692730	LTR	FR	0.633	0.899	0.817	0.219	0.174	1	0.98	0.871	0.9	0.944	0.7437	0.5484	0.939	0.3906	1	8	8.32597872394169	0.0203398244428147	FALSE
ROOA_LTR	rooA	FBte0000765	LTR	RNA	3R	2823084	LTR	F	0.793	0.929	0.75	0	0.28	0.834	0.781	0.933	0.51	0.67	0.648	0.5504	0.7456	0.1952	1	8	1.07043195922017	0.331107404151777	FALSE
ROXELEMENT	X-element	FBte0001160	non-LTR	RNA	2R	2738528	non-LTR	R	0	0.176	0.123	0	0.157	0.138	0.027	0.195	0.124	0.174	0.1114	0.0912	0.1316	0.0404	1	8	1.14347479688069	0.31611942734852	FALSE
ROXELEMENT	X-element	FBte0001160	non-LTR	RNA	2R	5614950	non-LTR	F	0.382	0.8	0.612	0.139	0	0.951	1	0.891	0.722	0.981	0.6478	0.3866	0.909	0.5224	1	8	10.7756816296277	0.0111439040931092	FALSE
ROXELEMENT	X-element	FBte0001160	non-LTR	RNA	2R	3456101	non-LTR	R	0.26	0.347	0.282	0	0	0.205	0.13	0.263	0	0.417	0.1904	0.1778	0.203	0.0252	1	8	0.148557556200044	0.709963843465159	FALSE
ROXELEMENT	X-element	FBte0001160	non-LTR	RNA	3R	1996430	non-LTR	R	0	0.71	0.593	0.502	0	1	0.795	0.619	0.667	0.719	0.5605	0.361	0.76	0.399	1	8	5.25265818779636	0.0511156018727618	FALSE
RT1B	Rt1b	FBte0000603	non-LTR	RNA	3R	3022490	non-LTR	R	0.5	1	1	0.6	0	1	1	1	1	1	0.81	0.62	1	0.38	1	8	4.34225286008139	0.0706955139090061	FALSE
RT1B	Rt1b	FBte0000603	non-LTR	RNA	2R	6261062	non-LTR	R	1	0.592	0.529	0	0	0.658	0.688	0.5	0.179	0.499	0.4645	0.4242	0.5048	0.0806	1	8	0.182366100713311	0.680608457653444	FALSE
RT1B	Rt1b	FBte0000603	non-LTR	RNA	3R	1944487	non-LTR	R	0.192	0.44	0.197	0.17	0.239	0.441	0.584	0.447	0.454	0.762	0.3926	0.2476	0.5376	0.29	1	8	13.5543072107118	0.00620467305438036	FALSE
RT1B	Rt1b	FBte0000603	non-LTR	RNA	3L	24486399	non-LTR	R	0.42	0.696	0.664	0.278	0.192	0.523	0.514	0.398	0.533	0.719	0.4937	0.45	0.5374	0.0874	1	8	0.62677560038401	0.451373840637597	FALSE
RT1B	Rt1b	FBte0000603	non-LTR	RNA	2L	22373956	non-LTR	R	1	0.667	0.75	0.5	1	0.764	0.726	1	1	1	0.8407	0.7834	0.898	0.1146	1	8	0.692878393238524	0.429333613881207	FALSE
RT1B	Rt1b	FBte0000603	non-LTR	RNA	3L	25980778	non-LTR	R	0.5	0.333	0.5	0	0	1	0.973	0.623	1	0.848	0.5777	0.2666	0.8888	0.6222	1	8	16.0993792819331	0.00388203078113865	FALSE
RT1B	Rt1b	FBte0000603	non-LTR	RNA	2R	469592	non-LTR	R	0.3	0.464	0.317	0.167	0	0.358	0.575	0.553	0.462	0.577	0.3773	0.2496	0.505	0.2554	1	8	5.609551051042	0.0453560844034585	FALSE
RT1B	Rt1b	FBte0000603	non-LTR	RNA	2R	4479466	non-LTR	R	0.5	0.5	0.167	0.143	0.5	1	0.833	0	0.714	1	0.5357	0.362	0.7094	0.3474	1	8	1.98768146785787	0.196254888607801	FALSE
RT1B	Rt1b	FBte0000603	non-LTR	RNA	2L	22263009	non-LTR	F	0.8	0.857	1	1	1	1	0.889	0.5	1	1	0.9046	0.9314	0.8778	-0.0536	1	8	0.0856262605626693	0.777258826664857	FALSE
RT1B	Rt1b	FBte0000603	non-LTR	RNA	2L	22276738	non-LTR	R	0	0.198	0.27	0.079	0	0.151	0.184	0.372	0.044	0.314	0.1612	0.1094	0.213	0.1036	1	8	2.15256162725442	0.180511263714013	FALSE
RT1B	Rt1b	FBte0000603	non-LTR	RNA	3L	20324687	non-LTR	R	0.375	0.636	0	0	0.222	0.825	0.667	0.7	0.563	1	0.4988	0.2466	0.751	0.5044	1	8	9.55012828094919	0.0148821515258498	FALSE
RT1B	Rt1b	FBte0000603	non-LTR	RNA	2R	466750	non-LTR	R	0.67	1	1	0.111	0.149	1	1	0.756	0.654	0.612	0.6952	0.586	0.8044	0.2184	1	8	0.605303216148475	0.458950815339929	FALSE
RT1B	Rt1b	FBte0000603	non-LTR	RNA	3L	24953096	non-LTR	F	0.75	0.829	1	0.222	0	0.844	0.96	0.828	0.912	0.839	0.7184	0.5602	0.8766	0.3164	1	8	1.78787434601171	0.217955838584814	FALSE
RT1C	Rt1c	FBte0000666	non-LTR	RNA	3R	2318822	non-LTR	F	0.399	0.875	0.652	0.143	0	0.951	1	0.927	0.93	1	0.6877	0.4138	0.9616	0.5478	1	8	12.3608039025266	0.00789434629806117	FALSE
RT1C	Rt1c	FBte0000666	non-LTR	RNA	2R	1806913	non-LTR	R	0.321	0.355	0.508	0.178	1	0.448	0.536	0.489	0.819	0.211	0.4865	0.4724	0.5006	0.0282000000000001	1	8	0.00833560698671422	0.929499280564474	FALSE
RT1C	Rt1c	FBte0000666	non-LTR	RNA	2L	22663233	non-LTR	R	0.25	0.124	0.238	0	0	0.243	0.158	0.838	0.22	0.193	0.2264	0.1224	0.3304	0.208	1	8	3.2130748524426	0.110814739358335	FALSE
RT1C	Rt1c	FBte0000666	non-LTR	RNA	3L	24378858	non-LTR	F	0.75	1	1	0	0	1	0.929	0.857	1	1	0.7536	0.55	0.9572	0.4072	1	8	2.72175522073069	0.137597835772382	FALSE
RT1C	Rt1c	FBte0000666	non-LTR	RNA	3R	1033025	non-LTR	R	0.328	0.471	0.42	0.088	0.055	0.181	0.348	0.584	0.223	0.439	0.3137	0.2724	0.355	0.0826	1	8	0.687962697881954	0.430909858839337	FALSE
RT1C	Rt1c	FBte0000666	non-LTR	RNA	2R	2535721	non-LTR	R	0.303	0.745	0.468	0	0.286	0.667	0.461	0.833	0.667	1	0.543	0.3604	0.7256	0.3652	1	8	4.90964267244472	0.0575605296731247	FALSE
RT1C	Rt1c	FBte0000666	non-LTR	RNA	3L	24310044	non-LTR	F	0.75	0.846	0.667	0.4	0.559	0.939	0.964	0.947	0.933	0.891	0.7896	0.6444	0.9348	0.2904	1	8	19.027576236005	0.00240597942478347	FALSE
RT1C	Rt1c	FBte0000666	non-LTR	RNA	2R	1807321	non-LTR	F	0.617	0.36	0.301	0	0	0.241	0.687	0.522	0.517	0.395	0.364	0.2556	0.4724	0.2168	1	8	2.79629496754044	0.133023199110749	FALSE
RT1C	Rt1c	FBte0000666	non-LTR	RNA	3R	1011034	non-LTR	R	0.393	0.207	0.215	0.084	0.127	0.562	0.253	0.415	0.382	0.191	0.2829	0.2052	0.3606	0.1554	1	8	3.62179819902931	0.0935199266270442	FALSE
S2	S2	FBte0000709	TIR	DNA	3R	2474625	TIR	F	0.504	0.566	0.701	0.2	0.32	0.555	0.783	0.814	0.593	0.533	0.5569	0.4582	0.6556	0.1974	1	8	3.42894038036297	0.101206038891354	FALSE
S2	S2	FBte0000709	TIR	DNA	3R	2476318	TIR	R	0.185	0.833	0.833	0.285	0.214	0.959	1	1	0.839	0.739	0.6887	0.47	0.9074	0.4374	1	8	9.00517300000231	0.017049267230412	FALSE
SPRINGER	springer	FBte0000333	LTR	RNA	3R	2117522	LTR	F	0.314	0.472	0.429	0	0.226	0.352	0.356	0.287	0.107	0.197	0.274	0.2882	0.2598	-0.0284	1	8	0.00925527422275791	0.925724627491926	FALSE
STALKER	Stalker	FBte0001066	LTR	RNA	2R	1533781	LTR	F	0.2	0.875	0.5	0.2	0.143	0.8	0.944	0.615	0.8	1	0.6077	0.3836	0.8318	0.4482	1	8	8.03963881608731	0.0219660223536888	FALSE
STALKER4	Stalker4	FBte0000151	LTR	RNA	3R	3478300	LTR	F	1	1	0.8	1	0.667	1	1	0.95	1	0.834	0.9251	0.8934	0.9568	0.0634	1	8	0.298273919051612	0.599861698671326	FALSE
STALKER4	Stalker4	FBte0000151	LTR	RNA	3R	267278	LTR	F	1	0.893	0.836	0	0.75	0.923	0.889	0.69	0.929	1	0.791	0.6958	0.8862	0.1904	1	8	0.938232019330086	0.361100997572909	FALSE
STALKER4	Stalker4	FBte0000151	LTR	RNA	3R	1965655	LTR	R	0.102	0.115	0.273	0	0.154	0.281	0.275	0.134	0.517	0.667	0.2518	0.1288	0.3748	0.246	1	8	5.62435195075898	0.0451355597533201	FALSE
STALKER4	Stalker4	FBte0000151	LTR	RNA	3R	433170	LTR	R	1	0.85	1	0.333	0	0.818	0.791	0.882	0.517	0.202	0.6393	0.6366	0.642	0.00539999999999996	1	8	0.0167383488089509	0.900253209741767	FALSE
STALKER4	Stalker4	FBte0000151	LTR	RNA	3R	3177996	LTR	R	0.408	0.243	0.131	0	0	0.714	0.766	0.284	0.83	1	0.4376	0.1564	0.7188	0.5624	1	8	12.6061979543944	0.00750373597983084	FALSE
STALKER4	Stalker4	FBte0000151	LTR	RNA	2R	1193119	LTR	R	0.429	0.889	0.714	0.222	0.666	1	0.87	0.947	0.786	0.857	0.738	0.584	0.892	0.308	1	8	6.81351216030978	0.0311172236959713	FALSE
STALKER4	Stalker4	FBte0000151	LTR	RNA	3R	4055288	LTR	R	1	1	0.938	0.6	0.5	1	0.964	0.941	0.995	1	0.8938	0.8076	0.98	0.1724	1	8	1.94685123594493	0.200440474673785	FALSE
STALKER4	Stalker4	FBte0000151	LTR	RNA	3L	25030592	LTR	R	0.8	1	1	0.5	0.5	1	0.917	1	0.636	0.75	0.8103	0.76	0.8606	0.1006	1	8	0.268421010727943	0.618412646520614	FALSE
STALKER4	Stalker4	FBte0000151	LTR	RNA	3L	27411910	LTR	F	0.765	0.975	0.96	0.5	1	0.952	0.964	0.978	0.928	0.909	0.8931	0.84	0.9462	0.1062	1	8	0.514657491279083	0.493541409997877	FALSE
STALKER4	Stalker4	FBte0000151	LTR	RNA	3L	25931518	LTR	F	0	0.964	0.911	1	1	1	0.749	0.534	0.799	1	0.7957	0.775	0.8164	0.0414	1	8	0.0382046643896703	0.849905920645835	FALSE
STALKER4	Stalker4	FBte0000151	LTR	RNA	3L	26177749	LTR	R	1	1	0.7	1	1	1	1	0.8	1	1	0.95	0.94	0.96	0.02	1	8	0.0244198964759137	0.879692720111753	FALSE
STALKER4	Stalker4	FBte0000151	LTR	RNA	3L	23398202	LTR	FR	0.795	0.768	0.864	0.451	0.537	0.933	0.873	0.761	0.932	0.857	0.7771	0.683	0.8712	0.1882	1	8	5.39063696044454	0.04878410120007	FALSE
STALKER4	Stalker4	FBte0000151	LTR	RNA	2R	1531600	LTR	R	1	0.905	0.8	0.75	0.667	1	0.971	0.947	0.9	0.875	0.8815	0.8244	0.9386	0.1142	1	8	1.75749135724682	0.221541287323433	FALSE
STALKER4	Stalker4	FBte0000151	LTR	RNA	2R	1882001	LTR	R	0.714	1	0.571	0.666	0	0.556	0.715	0.75	0.666	0.166	0.5804	0.5902	0.5706	-0.0196	1	8	0.00726053735896426	0.934189270363311	FALSE
STALKER4	Stalker4	FBte0000151	LTR	RNA	2L	20635665	LTR	R	0.893	1	1	0.833	0.649	0.995	0.953	0.917	0.906	0.865	0.9011	0.875	0.9272	0.0522	1	8	0.0314844898730828	0.863574153216006	FALSE
TC1	Tc1	FBte0000927	TIR	DNA	3L	23620618	TIR	R	0.8	0.667	1	0	1	0.929	1	1	1	1	0.8396	0.6934	0.9858	0.2924	1	8	2.64210881924868	0.14271879180848	FALSE
TC1	Tc1	FBte0000927	TIR	DNA	3L	23910814	TIR	R	0	0.5	0.8	0	0	0.401	0.842	1	0.848	0.742	0.5133	0.26	0.7666	0.5066	1	8	7.29654385753233	0.0270232893859983	FALSE
TC1	Tc1	FBte0000927	TIR	DNA	2R	4166382	TIR	R	0.231	0.875	0.8	0.177	0	0.745	0.933	0.944	0.331	0.619	0.5655	0.4166	0.7144	0.2978	1	8	2.21574549517656	0.174931399576382	FALSE
TC1	Tc1	FBte0000927	TIR	DNA	4	1164676	TIR	F	0.07	0.261	0.099	0	0.127	0.308	0.243	0.045	0.101	0.091	0.1345	0.1114	0.1576	0.0462	1	8	0.677072505431557	0.434436464533241	FALSE
TC1-2	Tc1-2	FBte0000838	TIR	DNA	3L	23557573	TIR	F	0.62	0.852	1	0.637	0.664	0.981	0.903	0.946	0.886	0.86	0.8349	0.7546	0.9152	0.1606	1	8	1.84905476548589	0.210975254309111	FALSE
TC1-2	Tc1-2	FBte0000838	TIR	DNA	X	22255801	TIR	R	0.667	0.714	0.667	0	1	0.534	0.749	0.859	1	1	0.719	0.6096	0.8284	0.2188	1	8	1.35582376464676	0.277808939512457	FALSE
TC1-2	Tc1-2	FBte0000838	TIR	DNA	3L	26720758	TIR	R	0.372	0.481	0.471	0.295	0.06	0.502	0.507	0.672	0.5	0.382	0.4242	0.3358	0.5126	0.1768	1	8	3.5082601576017	0.097948970318621	FALSE
TC1-2	Tc1-2	FBte0000838	TIR	DNA	4	346857	TIR	F	0.857	1	0.8	0.75	1	1	1	0.933	1	1	0.934	0.8814	0.9866	0.1052	1	8	3.13534267528422	0.114565585702696	FALSE
TC1-2	Tc1-2	FBte0000838	TIR	DNA	2R	1652266	TIR	R	0.889	0.957	1	0.566	0	0.95	0.968	0.879	0.996	0.95	0.8155	0.6824	0.9486	0.2662	1	8	1.62458409592551	0.238226806579057	FALSE
TC1-2	Tc1-2	FBte0000838	TIR	DNA	3L	26712247	TIR	R	0.667	0.6	1	0.2	0.273	0.891	1	0.813	1	0.738	0.7182	0.548	0.8884	0.3404	1	8	3.48830082563036	0.0987555573872492	FALSE
TC1-2	Tc1-2	FBte0000838	TIR	DNA	3L	26719189	TIR	F	0.362	0.368	0.571	0.367	0.318	0.473	0.347	0.582	0.374	0.26	0.4022	0.3972	0.4072	0.01	1	8	0.0155088789590424	0.903964328014569	FALSE
TC3	Tc3	FBte0000044	TIR	DNA	2R	4715815	TIR	R	0.444	0.889	0.846	0	0.583	0.917	0.912	0.397	1	1	0.6988	0.5524	0.8452	0.2928	1	8	3.01203171669963	0.120864250337854	FALSE
TC3	Tc3	FBte0000044	TIR	DNA	3L	24089008	TIR	R	0.577	0.954	0.917	0.1	0.556	1	1	0.852	1	1	0.7956	0.6208	0.9704	0.3496	1	8	7.75356933188098	0.0237581779046149	FALSE
Tinker	diver	FBte0000001	LTR	RNA	2L	23136300	LTR	R	0.5	1	0.857	0.143	0.801	1	0	0.947	0.889	1	0.7137	0.6602	0.7672	0.107	1	8	0.145572798238729	0.712736736429477	FALSE
Tinker	diver	FBte0000001	LTR	RNA	X	23062345	LTR	R	0.889	0.871	0.706	0.727	0	1	0.986	0.915	0.919	0.844	0.7857	0.6386	0.9328	0.2942	1	8	3.68779640016432	0.0910644584038256	FALSE
TRANSIB1	transib1	FBte0000626	TIR	DNA	3L	27127896	TIR	F	0.8	0.766	0.638	0.166	0.948	1	0.961	0.625	0.841	1	0.7745	0.6636	0.8854	0.2218	1	8	3.01823014481857	0.120536944838908	FALSE
TRANSIB1	transib1	FBte0000626	TIR	DNA	3R	450582	TIR	R	0.442	0.583	0.488	0.326	0.219	0.381	0.281	0.747	0.578	0.8	0.4845	0.4116	0.5574	0.1458	1	8	1.54247812324227	0.249423247858309	FALSE
TRANSIB1	transib1	FBte0000626	TIR	DNA	3L	24282021	TIR	R	0.534	0.734	0.628	0.103	0.333	0.492	0.534	0.868	0.419	0.414	0.5059	0.4664	0.5454	0.079	1	8	0.407798701904898	0.540935346695936	FALSE
TRANSIB2	transib2	FBte0000885	TIR	DNA	3L	25446337	TIR	F	0.467	0.521	0.444	0.24	0.227	0.408	0.558	0.609	0.321	0.403	0.4198	0.3798	0.4598	0.08	1	8	1.01829152353414	0.342467936854355	FALSE
TRANSIB2	transib2	FBte0000885	TIR	DNA	3R	1961681	TIR	F	0.39	0.428	0.318	0.09	0.14	0.256	0.165	0.304	0.024	0	0.2115	0.2732	0.1498	-0.1234	1	8	2.03401082747973	0.191648592758137	FALSE
TRANSIB2	transib2	FBte0000885	TIR	DNA	2R	98056	TIR	F	0.162	0.354	0.44	0	0.27	0.248	0.414	0.784	0.291	0.379	0.3342	0.2452	0.4232	0.178	1	8	2.26809988980891	0.170482701369721	FALSE
TRANSIB2	transib2	FBte0000885	TIR	DNA	2R	2782895	TIR	R	0.667	0.692	0.565	0	0.25	0.595	0.703	0.862	0.527	0	0.4861	0.4348	0.5374	0.1026	1	8	0.16891079968731	0.69187019157874	FALSE
TRANSIB2	transib2	FBte0000885	TIR	DNA	2R	79457	TIR	F	0.633	0.397	0.374	0.443	0.576	0.663	0.637	0.154	0.698	0.486	0.5061	0.4846	0.5276	0.043	1	8	0.100900218551872	0.75888457771853	FALSE
TRANSIB2	transib2	FBte0000885	TIR	DNA	3L	24952838	TIR	R	1	1	0.85	0.8	0.157	0.947	0.986	0.879	0.911	0.9	0.843	0.7614	0.9246	0.1632	1	8	0.408873121946763	0.540415652082878	FALSE
TRANSIB3	transib3	FBte0000725	TIR	DNA	3R	3119055	TIR	F	0.667	0.75	1	1	1	1	0.833	0.889	0.8	0.5	0.8439	0.8834	0.8044	-0.079	1	8	0.854923048903208	0.382206706124639	FALSE
TRANSIB3	transib3	FBte0000725	TIR	DNA	2L	22679820	TIR	R	1	1	0	0.5	0	1	0.45	0.55	0.7	1	0.62	0.5	0.74	0.24	1	8	0.809988677119862	0.39440735559181	FALSE
TRANSIB3	transib3	FBte0000725	TIR	DNA	3L	23057386	TIR	R	0	0.667	1	0.4	0.5	0.666	0.75	1	1	1	0.6983	0.5134	0.8832	0.3698	1	8	3.54667354422305	0.0964205732027937	FALSE
TRANSIB3	transib3	FBte0000725	TIR	DNA	2R	5470734	TIR	R	0.721	0.738	0.924	0	0	1	0.774	0.642	0.8	1	0.6599	0.4766	0.8432	0.3666	1	8	3.58688832813925	0.0948535350559837	FALSE
TRANSIB3	transib3	FBte0000725	TIR	DNA	3R	2117984	TIR	F	0.613	0.537	0.818	0.179	0.2	0.704	0.638	0.857	0.545	0.708	0.5799	0.4694	0.6904	0.221	1	8	2.66620487293661	0.141143250338435	FALSE
TRANSIB3	transib3	FBte0000725	TIR	DNA	3R	1835484	TIR	F	0.567	0.816	0.559	0	0.155	0.472	0.497	0.802	0.979	0.497	0.5344	0.4194	0.6494	0.23	1	8	1.8730783024379	0.208318300574128	FALSE
TRANSIB4	transib4	FBte0001174	TIR	DNA	2L	22541966	TIR	F	0.301	0.725	0.409	0.164	0.254	0.456	0.37	0.536	0.456	0.359	0.403	0.3706	0.4354	0.0648	1	8	0.448882922921375	0.521731304879624	FALSE
TRANSIB4	transib4	FBte0001174	TIR	DNA	2R	4549695	TIR	R	0.667	1	1	0.4	0	1	1	1	0.911	0.636	0.7614	0.6134	0.9094	0.296	1	8	1.73590920703789	0.224137921531559	FALSE
TRANSIB4	transib4	FBte0001174	TIR	DNA	X	22510801	TIR	R	1	0.722	0.75	0.333	0.333	1	0.941	0.882	0.784	0.667	0.7412	0.6276	0.8548	0.2272	1	8	1.59589883046748	0.24205681442049	FALSE
