TEfam	flybase_name	fb_id	TEsubclass	TEclass	Mean_Early	Mean_Postponed	diff_Freq	log2diff_Freq	Df_Breeding	Fval_Breeding	pvalFull_Breeding	Df_Diet	Fval_Diet	pvalFull_Diet	Df_inter	Fval_inter	pvalFull_inter	Df_Resid	fdrFull_Breeding
1360	1360	FBte0000559	TIR	DNA	0.469	0.475	0.005	0.016	1	0.485090589590178	0.486141409626473	2	0.0523861520360798	0.948962608407412	2	0.053136983741211	0.948250372002443	10170	0.949947815772551
412	412	FBte0000007	LTR	RNA	0.034	0.036	0.002	0.068	1	4.64450820875092	0.0311855959240344	2	0.107586859703265	0.897999940298933	2	0.927083639846268	0.395752545748013	7314	0.377345710680816
ACCORD	accord	FBte0000956	LTR	RNA	0.287	0.308	0.021	0.101	1	0.0618296941402107	0.803845157195289	2	0.067865244142145	0.934404763209512	2	0.00984508648379259	0.990203627862094	234	0.963966431431301
AF222049	Transpac	FBte0001377	LTR	RNA	0.028	0.031	0.003	0.131	1	4.07492470518843	0.0435786872012038	2	0.226291343744856	0.797494076087733	2	2.74502134089723	0.0643459319562312	4890	0.405617011641974
AF541951	Bari2	FBte0000963	TIR	DNA	0.628	0.656	0.028	0.063	1	6.0428657715243	0.0243264097918196	2	1.3047995544858	0.295683199499642	2	0.502797072432869	0.613083302269412	18	0.327055064978908
AY561850	TART-A	FBte0001206	non-LTR	RNA	0.346	0.311	-0.035	-0.155	1	0.592693082794384	0.444126415422449	2	0.0558519270251539	0.945723802511488	2	0.106290964626281	0.899316586007412	66	0.949947815772551
BAGGINS	baggins	FBte0000906	non-LTR	RNA	0.684	0.702	0.018	0.037	1	1.96790410577479	0.160821343215417	2	0.330448763835676	0.718639300287089	2	0.00183229286848266	0.998169386383658	2058	0.706426811666107
Beagle	HMS-Beagle	FBte0000726	LTR	RNA	0.066	0.068	0.002	0.044	1	1.46809994393668	0.225735574591184	2	0.0617083167899519	0.940158198484751	2	0.0244585844227988	0.975838286207126	3186	0.78040012930095
Beagle2	HMS-Beagle2	FBte0001399	LTR	RNA	0.378	0.385	0.007	0.025	1	0.297258753312224	0.585782248800205	2	0.0214504435364686	0.978778633706836	2	0.0235184490283658	0.976756737255645	690	0.949947815772551
BLOOD	blood	FBte0000279	LTR	RNA	0.027	0.026	0	-0.005	1	0.617401856888773	0.432047040140047	2	2.87051860671898	0.0567513688490991	2	0.679742287957948	0.506788600072221	5706	0.949947815772551
BS	BS	FBte0000780	non-LTR	RNA	0.101	0.112	0.011	0.144	1	2.37669510043067	0.123325253196211	2	0.0478359487591983	0.953291316822269	2	0.0101171125546642	0.989933946884137	1890	0.706426811666107
BS3	BS3	FBte0000420	non-LTR	RNA	0.502	0.52	0.018	0.052	1	0.332030216107228	0.564684322200448	2	0.187545790922157	0.829040226150368	2	0.0704124694881439	0.932017093175725	594	0.949947815772551
BS4	BS4	FBte0001042	non-LTR	RNA	0.514	0.491	-0.023	-0.066	1	0.420117609344232	0.519127036760699	2	0.316133036918324	0.730060117984352	2	0.103324615164832	0.901979763056682	66	0.949947815772551
CIRC	Circe	FBte0000616	LTR	RNA	0.733	0.737	0.004	0.007	1	0.0220754885609657	0.8819772064487	2	0.0300694969299154	0.970380751348846	2	0.0632077157936951	0.938759822880046	330	0.963966431431301
DIVER2	diver2	FBte0001178	LTR	RNA	0.815	0.821	0.007	0.012	1	0.134037969673315	0.714352058359355	2	0.0599554183825389	0.941809602990071	2	0.0533200529319573	0.948078983925268	1098	0.963966431431301
DM_ROO	roo	FBte0000100	LTR	RNA	0.035	0.037	0.002	0.076	1	12.4787591741532	0.000412199827323351	2	3.49589248807446	0.0303335546782292	2	0.0842355463950415	0.919214921972174	31194	0.0249380895530627
DM06920	HeT-A	FBte0000143	non-LTR	RNA	0.02	0.021	0.001	0.038	1	0.482354542970654	0.491181993678474	2	1.4316991846219	0.250322317453215	2	1.25253491798621	0.296234662729186	42	0.949947815772551
DM23420	3S18	FBte0000266	LTR	RNA	0.055	0.061	0.006	0.147	1	1.60302000537264	0.205644654756258	2	0.111605618569688	0.894403301520743	2	0.0491300010104719	0.952058669358036	1746	0.73185303604433
DM33463	S-element	FBte0001005	TIR	DNA	0.33	0.35	0.019	0.082	1	3.11951908273505	0.0774450619587161	2	1.0297074052469	0.357217472014443	2	0.716512670720813	0.488522913699934	3570	0.591095774298907
DM88	Dm88	FBte0000267	LTR	RNA	0.656	0.686	0.03	0.065	1	1.10339293010851	0.294351558481084	2	0.0501250145435722	0.951118322164481	2	0.230432441366356	0.794327774332937	306	0.890413464405279
DMBARI1	Bari1	FBte0000034	TIR	DNA	0.085	0.095	0.01	0.159	1	0.976465145975447	0.323368147706196	2	0.0524276759741458	0.948926168313098	2	0.48879582107789	0.613545352377922	810	0.914026183881154
DMBLPP	flea	FBte0000660	LTR	RNA	0.027	0.029	0.001	0.06	1	3.09483339790896	0.0786049744288173	2	0.918739798643967	0.399091816131853	2	0.19715624998004	0.821068989294713	4794	0.591095774298907
DMCOPIA	copia	FBte0000023	LTR	RNA	0.026	0.027	0.001	0.065	1	4.09226575397074	0.0431134129977581	2	1.32210575912498	0.266632242615991	2	0.856983419826026	0.424479896233639	7914	0.405617011641974
DMCR1A	Cr1a	FBte0000140	non-LTR	RNA	0.551	0.568	0.017	0.044	1	4.16968048790153	0.0411894740816095	2	0.413987386361847	0.661024828067246	2	0.305921067710387	0.736454200308023	7290	0.405617011641974
DMDM11	micropia	FBte0000042	LTR	RNA	0.181	0.193	0.012	0.093	1	0.902839266499859	0.342392971452362	2	0.000112828895323982	0.999887177490213	2	0.073246190150288	0.929380066485487	618	0.920656656571907
DME010298	GATE	FBte0000359	LTR	RNA	0.768	0.765	-0.003	-0.006	1	0.142688021675493	0.705770039789548	2	0.0329442790519349	0.967594396460888	2	0.0797379114975423	0.923369066691762	546	0.963966431431301
DME278684	Rt1a	FBte0000457	non-LTR	RNA	0.201	0.21	0.009	0.061	1	1.30837150410942	0.252834565291429	2	0.0893834223095338	0.914498734121531	2	0.174888002906175	0.839564627644254	1890	0.805078484217445
DME487856	Max-element	FBte0000304	LTR	RNA	0.168	0.169	0.001	0.004	1	0.0196397359980345	0.888555880622789	2	0.048752150211269	0.952417795202509	2	0.43562485452963	0.646894960020828	3546	0.963966431431301
DME9736	Idefix	FBte0000104	LTR	RNA	0.216	0.229	0.013	0.083	1	0.947167927193669	0.330585982024012	2	0.0626171495900259	0.939305282309308	2	0.311918485743366	0.732084990029502	1626	0.914026183881154
DMGYPF1A	gypsy	FBte0000021	LTR	RNA	0.283	0.272	-0.011	-0.056	1	0.0997016231958021	0.752286914238253	2	0.134428853419392	0.874238788801606	2	0.115835232833608	0.89063989571122	666	0.963966431431301
DMHFL1	hobo	FBte0000154	TIR	DNA	0.025	0.026	0	0.025	1	5.16199735518158	0.0230992538102629	2	0.925583422832516	0.396320890084219	2	2.78339752271651	0.0618573632865507	16362	0.327055064978908
DMIFACA	I-element	FBte0000133	non-LTR	RNA	0.062	0.062	0.001	0.018	1	1.65616676849416	0.198148496599362	2	0.745528333008086	0.474507292926958	2	0.871552827956517	0.418330102483887	11106	0.726544487530994
DMIS176	17.6	FBte0000109	LTR	RNA	0.157	0.169	0.013	0.113	1	1.79916025565957	0.180013114546457	2	0.0954280057179939	0.908989210738812	2	0.401288009739989	0.669527662326887	1530	0.706426811666107
DMIS297	297	FBte0000675	LTR	RNA	0.112	0.115	0.003	0.037	1	1.69405303231523	0.193098416925594	2	0.419586464201872	0.657330500796489	2	0.21769641806828	0.804373520853602	9714	0.726544487530994
DMLINEJA	jockey	FBte0000088	non-LTR	RNA	0.029	0.031	0.002	0.094	1	19.356391661019	1.09000829359314e-05	2	4.02975025497235	0.0177928122580354	2	2.83654056747602	0.0586510772324716	20562	0.0013189100352477
DMMDG3	mdg3	FBte0000010	LTR	RNA	0.049	0.052	0.003	0.078	1	1.79007709995845	0.180985381501234	2	0.350129601115427	0.704616246105431	2	0.556217314235362	0.573413861298806	4434	0.706426811666107
DMPOGOR11	pogo	FBte0000568	TIR	DNA	0.048	0.049	0.001	0.031	1	2.195020920498	0.138497507562144	2	1.37863663258874	0.251982831496466	2	0.0404120934099183	0.960393785731632	7842	0.706426811666107
DMREPG	G-element	FBte0000657	non-LTR	RNA	0.594	0.623	0.029	0.068	1	0.280828071925315	0.5966614380059	2	0.063397965286808	0.938585996790294	2	0.147632854633439	0.86282810577532	234	0.949947815772551
DMRER1DM	R1A1-element	FBte0000118	non-LTR	RNA	0.464	0.47	0.006	0.017	1	0.0933324119914899	0.760116791230575	2	0.0202602577257838	0.979944450793625	2	0.18163392123865	0.833964573149486	474	0.963966431431301
DMRER2DM	R2-element	FBte0000030	non-LTR	RNA	0.892	0.897	0.004	0.007	1	0.143739442458965	0.705174159263857	2	1.25130922459028	0.289355753672194	2	3.70614066706178	0.0270509105284378	138	0.963966431431301
DMRTMGD1	mdg1	FBte0000015	LTR	RNA	0.053	0.052	-0.001	-0.02	1	0.0855046070970513	0.769981937777759	2	0.802698274004783	0.448166158051778	2	0.455135134442328	0.634384071779577	6018	0.963966431431301
DMTHB1	HB	FBte0000414	TIR	DNA	0.455	0.489	0.034	0.104	1	6.36588052744446	0.0117217001467114	2	0.393140722336398	0.674993493928667	2	1.15586991045774	0.315024335534618	1746	0.202617959678868
DMTN1731	1731	FBte0000003	LTR	RNA	0.384	0.39	0.006	0.023	1	0.00609949005517586	0.937845498500137	2	0.0220572582270902	0.978187161532905	2	0.0956456957704966	0.908837225735978	162	0.968209667458967
DMTNFB	FB	FBte0000288	FB	DNA	0.142	0.146	0.004	0.038	1	0.683802336568112	0.408317048340841	2	0.434244337738566	0.647776608120983	2	0.0222048227143276	0.978039979149412	5394	0.949947815772551
DMTOM1_LTR	Tom1	FBte0000400	LTR	RNA	0.71	0.728	0.018	0.035	1	0.236335908630848	0.627213085653569	2	0.136350200595752	0.872589998106077	2	0.0996639922367503	0.905170870581446	306	0.959192431090469
DMTRDNA	hopper	FBte0000670	TIR	DNA	0.248	0.257	0.009	0.053	1	0.748760237302861	0.387013766006401	2	0.135056891220164	0.873677317976382	2	0.017680844255668	0.982474758896738	1434	0.949947815772551
DMU89994	Burdock	FBte0000739	LTR	RNA	0.036	0.038	0.002	0.06	1	2.38077624013658	0.122908639123793	2	2.97733198181076	0.0510314730430769	2	0.149382244287844	0.861244229581638	4386	0.706426811666107
DMW1DOC	Doc	FBte0000341	non-LTR	RNA	0.082	0.085	0.003	0.056	1	3.06649036532135	0.0799567693084352	2	0.0795509775389399	0.923531605231148	2	0.236023508047448	0.78976711978773	8778	0.591095774298907
DMZAM	ZAM	FBte0000217	LTR	RNA	0.221	0.215	-0.006	-0.038	1	0.0638606488153328	0.800696132783333	2	0.128842421582316	0.879169012278451	2	0.237767304402882	0.788558682811633	258	0.963966431431301
DOC2	Doc2-element	FBte0000103	non-LTR	RNA	0.637	0.651	0.014	0.031	1	0.178659302503046	0.672729853844383	2	0.00754203777017568	0.992486457482474	2	0.178194649738758	0.836838545285955	450	0.963966431431301
DOC3	Doc3-element	FBte0001140	non-LTR	RNA	0.733	0.753	0.02	0.038	1	0.863538642343844	0.352974125791812	2	0.0888986629696362	0.914945501479866	2	0.00237448576112951	0.997628336713778	1002	0.928475417843679
DOC4	Doc4-element	FBte0001039	non-LTR	RNA	0.658	0.67	0.012	0.025	1	0.0360098358920052	0.849603942863869	2	0.129380442972161	0.878681157915688	2	0.0550819214319609	0.946415723412772	354	0.963966431431301
DOC5	Porto1	FBte0000791	non-LTR	RNA	0.681	0.715	0.034	0.071	1	3.01127048182585	0.0830465137444745	2	0.203598495909695	0.815829249946711	2	0.0550387236149948	0.946451838594777	858	0.591095774298907
F	F-element	FBte0000005	non-LTR	RNA	0.058	0.061	0.003	0.08	1	6.47534443247214	0.0109461129175889	2	3.39016331075313	0.0337239792698194	2	1.14434171098368	0.318455866393806	18618	0.202617959678868
FB	NOF	FBte0000466	TIR	DNA	0.134	0.155	0.021	0.212	1	2.08712535232183	0.165728742357179	2	1.33361852751632	0.288343893125252	2	0.432175902760177	0.655655278879013	18	0.706426811666107
FROGGER	frogger	FBte0000314	LTR	RNA	0.767	0.766	-0.001	-0.001	1	0.0080404652180161	0.92874978465011	2	0.0427224272574294	0.9581967368683	2	0.133037469885433	0.87560412576424	90	0.968209667458967
FW2	Fw2	FBte0001002	non-LTR	RNA	0.761	0.763	0.002	0.004	1	0.00360931067136062	0.952158379932574	2	0.0360347677707451	0.964613488077416	2	0.0277659754537984	0.972619986768739	186	0.968209667458967
FW3	Fw3	FBte0000636	non-LTR	RNA	0.611	0.625	0.014	0.032	1	0.0601484926346229	0.806571801607599	2	0.00661179196214083	0.993410285898282	2	0.00907672281595908	0.990964850209439	162	0.963966431431301
G2	G2	FBte0000800	non-LTR	RNA	0.161	0.164	0.004	0.031	1	0.0170435878381119	0.89615663829741	2	0.165070391714764	0.847857072615292	2	0.011092148050472	0.988969264431839	1002	0.963966431431301
G3	G3	FBte0001171	non-LTR	RNA	0.375	0.389	0.014	0.052	1	0.289708026494835	0.590919291431377	2	0.0113597105925443	0.98870511249859	2	0.136803632487377	0.872211171582316	234	0.949947815772551
G4_DM	G4	FBte0000290	non-LTR	RNA	0.653	0.671	0.017	0.037	1	0.244624414920571	0.620994310152043	2	0.187146822081808	0.829350946099005	2	0.0277976647183577	0.972585885180144	1002	0.959192431090469
G5_DM	G5	FBte0001128	non-LTR	RNA	0.626	0.639	0.012	0.028	1	0.0592969946775875	0.807685524514099	2	0.100117231556112	0.904744962552928	2	0.0506614587073954	0.950604096555686	666	0.963966431431301
G5A	G5A	FBte0000174	non-LTR	RNA	0.495	0.509	0.013	0.038	1	0.713583093607947	0.398492353019273	2	0.0445601955960852	0.956420239430075	2	0.0698434892035567	0.932545062370167	858	0.949947815772551
G6_DM	G6	FBte0000958	non-LTR	RNA	0.386	0.399	0.013	0.048	1	0.154290866493328	0.694866546008308	2	0.47010224371191	0.625594418394418	2	0.224413795354274	0.799175810219997	210	0.963966431431301
G7	G7	FBte0000690	non-LTR	RNA	0.778	0.771	-0.007	-0.013	1	0.227988628579988	0.634176813944112	2	0.158947081435858	0.853280430460442	2	0.175298381050913	0.839492424732164	90	0.959192431090469
GTWIN	gtwin	FBte0001062	LTR	RNA	0.523	0.512	-0.011	-0.031	1	0.175637771005565	0.675632770905402	2	0.44999640498914	0.638322771647765	2	0.0701901781884004	0.932241195723787	186	0.963966431431301
GYPSY10	gypsy10	FBte0000351	LTR	RNA	0.72	0.728	0.008	0.016	1	0.0024923822606373	0.96020793467005	2	0.114825835533334	0.891550631593794	2	0.0526433497545607	0.948724851960099	402	0.968209667458967
GYPSY11	gypsy11	FBte0001041	LTR	RNA	0.728	0.741	0.013	0.027	1	0.0475378836779123	0.82757665153323	2	0.0135873035693238	0.986505293041686	2	0.251975921496542	0.777454506648634	258	0.963966431431301
GYPSY12	gypsy12	FBte0001136	LTR	RNA	0.38	0.383	0.003	0.01	1	0.00290181012442298	0.957056729815773	2	0.0667309518702925	0.9354533352476	2	0.020524369955949	0.979685464102899	642	0.968209667458967
GYPSY2	gypsy2	FBte0001040	LTR	RNA	0.576	0.59	0.014	0.036	1	0.376890701723641	0.53943940902869	2	0.0306195047560108	0.969845614321401	2	0.0355434092520328	0.965082301695079	834	0.949947815772551
GYPSY3	gypsy3	FBte0001030	LTR	RNA	0.795	0.776	-0.019	-0.034	1	0.502400056553316	0.479643123865742	2	0.72202923638641	0.487591331728522	2	0.26536615681383	0.767315532192794	138	0.949947815772551
GYPSY4	gypsy4	FBte0000688	LTR	RNA	0.525	0.53	0.005	0.013	1	0.0649168678334651	0.799017220271975	2	0.0780205961414335	0.924959378344927	2	0.00349134047644556	0.996514777381984	402	0.963966431431301
GYPSY5	gypsy5	FBte0000308	LTR	RNA	0.148	0.149	0.001	0.013	1	0.000921440255002424	0.975795907323865	2	0.217705384761041	0.804438895966568	2	0.12293801925376	0.884345301258133	498	0.975795907323865
GYPSY6	gypsy6	FBte0001175	LTR	RNA	0.882	0.874	-0.008	-0.014	1	0.037577032468963	0.84689031472966	2	0.957720180352252	0.389035004941672	2	0.340999984418452	0.712304211821448	66	0.963966431431301
GYPSY7	gypsy7	FBte0000171	LTR	RNA	0.674	0.652	-0.022	-0.047	1	0.500180057938889	0.480059327438886	2	0.119862679274187	0.88709160452283	2	0.258612456941041	0.772322108869844	258	0.949947815772551
GYPSY8	gypsy8	FBte0000168	LTR	RNA	0.469	0.484	0.014	0.044	1	0.30882416281205	0.578508869275636	2	0.0125017849143385	0.987576169677301	2	0.105138033852096	0.900208759895911	1170	0.949947815772551
GYPSY9	gypsy9	FBte0000764	LTR	RNA	0.866	0.874	0.008	0.014	1	0.0143414368182379	0.904769844766048	2	0.0120925365567997	0.987980844271456	2	0.0606811921539198	0.941136657132803	258	0.963966431431301
HEL	Helena	FBte0000984	non-LTR	RNA	0.537	0.555	0.017	0.046	1	0.331306526879539	0.565349781407852	2	0.0224011868621855	0.977849596511967	2	0.0746692365689938	0.928068743132651	282	0.949947815772551
HELITRON1_DM	Helitron	FBte0000170	Helitron	DNA	0.718	0.731	0.013	0.027	1	0.0902849720863576	0.767257991008706	2	1.70642780051813	0.209595160697051	2	2.68012222513969	0.0957538176773574	18	0.963966431431301
HOPPER2	hopper2	FBte0000930	TIR	DNA	0.525	0.582	0.057	0.148	1	8.45236637450438	0.00939613387091012	2	1.05300672927609	0.369418657393604	2	0.109928892216523	0.896494647886453	18	0.202617959678868
INE1	INE-1	FBte0000312	TIR	DNA	0.13	0.131	0	0.005	1	0.523710197662523	0.469275460098064	2	0.468177878725989	0.626151999785672	2	0.153437783567492	0.857755580281496	13914	0.949947815772551
INVADER	invader1	FBte0000357	LTR	RNA	0.578	0.578	0	0	1	0.0133057279571157	0.908199778373292	2	0.14533090173624	0.864761676568784	2	0.201940235097959	0.817190417617525	714	0.963966431431301
INVADER2	invader2	FBte0001084	LTR	RNA	0.624	0.631	0.007	0.016	1	0.0650445370335509	0.798785506909585	2	0.0537767298985815	0.947648470727478	2	0.00949746729592144	0.990547647952996	570	0.963966431431301
INVADER3	invader3	FBte0000619	LTR	RNA	0.438	0.454	0.015	0.05	1	0.300372903650472	0.583863301092906	2	0.245238314235386	0.782600552880178	2	0.0303622530378471	0.970095619204844	570	0.949947815772551
INVADER4	invader4	FBte0000292	LTR	RNA	0.334	0.353	0.019	0.08	1	0.380411885103945	0.537651787618435	2	0.0222710393920942	0.977976058551048	2	0.0351745230607325	0.965439198630003	522	0.949947815772551
INVADER5	invader5	FBte0000188	LTR	RNA	0.537	0.568	0.031	0.082	1	0.194599084838984	0.659628429391461	2	0.0559773207831107	0.945576503410118	2	0.145237341383662	0.864914992598508	186	0.963966431431301
INVADER6	invader6	FBte0000591	LTR	RNA	0.062	0.057	-0.005	-0.116	1	0.0559416019997165	0.81417912148524	2	1.91051240873423	0.160647634562356	2	1.99224686725661	0.149071801233531	42	0.963966431431301
IVK	Ivk	FBte0000608	non-LTR	RNA	0.206	0.213	0.007	0.049	1	0.662123803415101	0.415903148873135	2	0.00995887207592254	0.990090599907554	2	0.0451500936881667	0.955854928618755	2106	0.949947815772551
JOCKEY2	jockey2	FBte0001092	non-LTR	RNA	0.507	0.505	-0.002	-0.005	1	0.0201517719480501	0.887174336219675	2	0.0287244815540361	0.971685835778668	2	0.0313580117822085	0.969130561827189	474	0.963966431431301
JUAN	Juan	FBte0000982	non-LTR	RNA	0.039	0.044	0.004	0.155	1	8.5193681777969	0.00353867048705443	2	2.21148532181386	0.109707223946643	2	4.27526617559322	0.0139888305160524	3162	0.107044782233397
LOOPER1_DM	looper1	FBte0000323	TIR	DNA	0.649	0.65	0.002	0.004	1	0.021983327873771	0.882347888632657	2	0.149134226256619	0.861592126584634	2	0.0160329615494682	0.984096715043097	138	0.963966431431301
MARINER2	mariner2	FBte0001033	TIR	DNA	0.558	0.563	0.005	0.014	1	0.0213857573319435	0.883766372091339	2	0.0235147819918383	0.976760148440848	2	0.0579907915074159	0.943662234788725	882	0.963966431431301
McCLINTOCK	McClintock	FBte0000926	LTR	RNA	0.12	0.111	-0.009	-0.107	1	0.00279528683778604	0.957864933492997	2	0.155325836740976	0.856194487420095	2	0.375208127809231	0.687419187297389	354	0.968209667458967
OPUS	opus	FBte0000918	LTR	RNA	0.026	0.026	0	0.013	1	2.80077804692189	0.0942677978918612	2	2.24042597120394	0.106497223324729	2	0.240489058711357	0.786250404081666	6354	0.600337028679748
OSV	Osvaldo	FBte0000587	LTR	RNA	0.37	0.345	-0.025	-0.1	1	0.665474632941661	0.416787585949041	2	0.219667569352203	0.80321475975577	2	0.293749072729638	0.746175491255034	90	0.949947815772551
PPI251	P-element	FBte0000037	TIR	DNA	0.025	0.026	0.002	0.087	1	11.5632499817915	0.000674368168512594	2	0.783875473687897	0.456650901054071	2	2.52883923992147	0.0797842443568645	15594	0.027199516130008
Q	Q-element	FBte0000124	non-LTR	RNA	0.149	0.12	-0.03	-0.318	1	0.262931820385813	0.614348347824578	2	0.767882602194308	0.478606622156239	2	0.216002024169364	0.807791970159993	18	0.959192431090469
QBERT	accord2	FBte0001166	LTR	RNA	0.708	0.719	0.011	0.023	1	0.0912670758194017	0.762728704161002	2	0.0126635974866601	0.987416642348693	2	0.044704262516943	0.956285001215624	402	0.963966431431301
QUASIMODO	Quasimodo	FBte0000640	LTR	RNA	0.15	0.152	0.002	0.017	1	0.328588929493318	0.566527265300367	2	0.0195874564920465	0.980603236713267	2	0.0767383011034272	0.926133717293666	3570	0.949947815772551
R1-2	R1-2	FBte0000720	non-LTR	RNA	0.796	0.818	0.022	0.039	1	0.464209501370422	0.496222317179291	2	0.00190082368202127	0.998100994527278	2	0.0789691734185687	0.924088837266205	282	0.949947815772551
ROOA_LTR	rooA	FBte0000765	LTR	RNA	0.714	0.722	0.007	0.015	1	0.0950326091387037	0.757945018922171	2	0.0366921700334846	0.963974261791489	2	0.0173878170752087	0.98276280659432	906	0.963966431431301
ROVER	rover	FBte0000692	LTR	RNA	0.161	0.156	-0.004	-0.037	1	0.38660161718322	0.53428319084872	2	0.157164008461073	0.85459248584072	2	0.0505594932319719	0.950700659632913	738	0.949947815772551
ROXELEMENT	X-element	FBte0001160	non-LTR	RNA	0.283	0.292	0.008	0.042	1	0.39394129212351	0.530292485578517	2	0.227155715518999	0.796813209022606	2	0.116201909851212	0.890300273374506	2490	0.949947815772551
RT1B	Rt1b	FBte0000603	non-LTR	RNA	0.225	0.229	0.004	0.025	1	0.521204528375388	0.470374360853998	2	0.012586114936945	0.987492801625612	2	0.0224886010516238	0.977762517477291	3666	0.949947815772551
RT1C	Rt1c	FBte0000666	non-LTR	RNA	0.632	0.646	0.014	0.031	1	0.170949828150333	0.679397508351704	2	0.000566164511287793	0.999433996193887	2	0.00191961796150656	0.998082228656895	690	0.963966431431301
S2	S2	FBte0000709	TIR	DNA	0.508	0.537	0.029	0.079	1	1.80171553973814	0.180018018875914	2	0.437354582188857	0.645950192606051	2	0.530731428918926	0.588453251982788	594	0.706426811666107
SPRINGER	springer	FBte0000333	LTR	RNA	0.089	0.094	0.005	0.076	1	0.725372283775067	0.394565271975246	2	0.190992300802941	0.826165239945987	2	0.0467448430998698	0.954332690161031	1146	0.949947815772551
STALKER	Stalker	FBte0001066	LTR	RNA	0.667	0.776	0.11	0.219	1	1.20823757060512	0.286166492624174	2	5.81847035219749	0.0112448121498097	2	0.883851613761805	0.430374602408636	18	0.887849887372437
STALKER2	Stalker2	FBte0000472	LTR	RNA	0.036	0.036	0	0.016	1	0.359611532529921	0.548816797129327	2	1.5360161414659	0.215590781631955	2	1.15823207036439	0.314334497813975	1434	0.949947815772551
STALKER4	Stalker4	FBte0000151	LTR	RNA	0.316	0.316	0	-0.002	1	0.013950136758107	0.905996489045699	2	0.102888478157696	0.902234245743129	2	0.0821977465734988	0.921094137842478	1434	0.963966431431301
TABOR	Tabor	FBte0000974	LTR	RNA	0.024	0.026	0.002	0.111	1	2.80848267471777	0.0939303517369929	2	1.29138272989013	0.275129822107248	2	0.273983733332524	0.760374259036145	1914	0.600337028679748
TAHRE	TAHRE	FBte0000148	non-LTR	RNA	0.016	0.003	-0.013	-2.36	1	1.94905862280498	0.179670057180615	2	1.34600733451283	0.285251244187114	2	0.214235708678148	0.809186680528561	18	0.706426811666107
TC1	Tc1	FBte0000927	TIR	DNA	0.696	0.72	0.024	0.05	1	2.14303383235353	0.143532052829129	2	0.458540915498543	0.632338009049602	2	0.540209139568651	0.582795978304245	1002	0.706426811666107
TC1-2	Tc1-2	FBte0000838	TIR	DNA	0.581	0.603	0.022	0.053	1	1.37740978169195	0.240791916993206	2	0.313065744146289	0.731265690518467	2	0.467738938974445	0.626539125012073	1122	0.787454647464268
TC3	Tc3	FBte0000044	TIR	DNA	0.577	0.604	0.028	0.068	1	0.942044827984084	0.332373157774965	2	0.0605219458390683	0.941282231011379	2	0.118586027362364	0.888208434364448	378	0.914026183881154
Tinker	diver	FBte0000001	LTR	RNA	0.063	0.064	0.001	0.026	1	0.116719715032074	0.732659832565722	2	0.206279262567114	0.813625129746925	2	0.97885842458721	0.375940377260073	1794	0.963966431431301
TIRANT	Tirant	FBte0000179	LTR	RNA	0.031	0.031	0	-0.015	1	1.37710366588984	0.240672361167077	2	0.0725818865898733	0.929990943978523	2	0.140710871723785	0.868745206778804	3618	0.787454647464268
TRANSIB1	transib1	FBte0000626	TIR	DNA	0.648	0.692	0.044	0.096	1	2.1684927385824	0.145617259534779	2	0.129174354285434	0.879042357905831	2	0.081962054108941	0.921400542400597	66	0.706426811666107
TRANSIB2	transib2	FBte0000885	TIR	DNA	0.505	0.52	0.015	0.042	1	0.60245494992758	0.437856783830345	2	0.359378545986512	0.698215068863537	2	0.0744393318142355	0.928269782754775	858	0.949947815772551
TRANSIB3	transib3	FBte0000725	TIR	DNA	0.732	0.758	0.026	0.051	1	1.94704625697913	0.163387959604991	2	0.173838132080857	0.840472472599043	2	0.162176880746525	0.850325614713148	642	0.706426811666107
TRANSIB4	transib4	FBte0001174	TIR	DNA	0.662	0.699	0.037	0.078	1	0.953946783761673	0.329631608176085	2	0.273082169278739	0.761249946266468	2	0.0658123346483391	0.936322273459889	258	0.914026183881154
