start	MeanSel	MeanCont	dFreq_mean	dFreq_med	totalSmore	chanceSmore	chanceCmore	chanceEqual	Direction
0.028943308	0.0302318181818182	0.0287114393939394	0.00152037878787879	-0.00454545454545455	1825	0.365	0.5576	0.0774	C>S
0.032267499	0.0315009090909091	0.0327809848484849	-0.00128007575757576	-0.0071969696969697	1857	0.3714	0.5762	0.0524	C>S
0.03386124	0.0323912121212121	0.0336496212121212	-0.00125840909090909	-0.00681818181818182	1869	0.3738	0.5792	0.047	C>S
0.038847545	0.0391981818181818	0.0398785606060606	-0.000680378787878788	-0.00852272727272728	2015	0.403	0.5718	0.0252	C>S
0.039289337	0.0390875757575758	0.0384853787878788	0.000602196969696969	-0.0071969696969697	2016	0.4032	0.5682	0.0286	C>S
0.039390748	0.0391448484848485	0.0392006060606061	-5.57575757575759e-05	-0.00757575757575758	2019	0.4038	0.5666	0.0296	C>S
0.039934363	0.0403451515151515	0.0395170454545455	0.00082810606060606	-0.00681818181818182	2067	0.4134	0.5604	0.0262	C>S
0.040227669	0.0395578787878788	0.0401856818181818	-0.000627803030303031	-0.00833333333333333	2006	0.4012	0.5716	0.0272	C>S
0.041266292	0.0413454545454545	0.0418117424242424	-0.000466287878787879	-0.00757575757575758	2062	0.4124	0.562	0.0256	C>S
0.042469817	0.0417139393939394	0.0425132575757576	-0.000799318181818182	-0.00795454545454546	2061	0.4122	0.5708	0.017	C>S
0.043049142	0.0423260606060606	0.0424129545454545	-8.68939393939396e-05	-0.00757575757575758	2036	0.4072	0.569	0.0238	C>S
0.043489488	0.0421515151515151	0.0439852272727273	-0.00183371212121212	-0.0102272727272727	2002	0.4004	0.5838	0.0158	C>S
0.044010734	0.0424233333333333	0.0445626515151515	-0.00213931818181818	-0.00946969696969698	2010	0.402	0.5824	0.0156	C>S
0.044294076	0.0438981818181818	0.0440959848484848	-0.000197803030303031	-0.00757575757575758	2086	0.4172	0.564	0.0188	C>S
0.045840808	0.0458157575757576	0.0460440151515151	-0.000228257575757576	-0.00909090909090909	2029	0.4058	0.5788	0.0154	C>S
0.045900107	0.04588	0.0467334848484849	-0.000853484848484849	-0.00871212121212121	2115	0.423	0.5614	0.0156	C>S
0.047142602	0.0475781818181818	0.0468692424242424	0.000708939393939393	-0.00795454545454545	2147	0.4294	0.5594	0.0112	C>S
0.047730765	0.0482342424242424	0.0469941666666667	0.00124007575757576	-0.00795454545454546	2115	0.423	0.5638	0.0132	C>S
0.049876627	0.049540303030303	0.0492681818181818	0.000272121212121212	-0.00833333333333334	2108	0.4216	0.564	0.0144	C>S
0.049878979	0.0495451515151515	0.0493379545454545	0.000207196969696969	-0.00833333333333333	2123	0.4246	0.5666	0.0088	C>S
0.050113114	0.0512118181818182	0.0498834090909091	0.00132840909090909	-0.00757575757575757	2162	0.4324	0.5556	0.012	C>S
0.05023462	0.0504763636363636	0.0500402272727273	0.000436136363636363	-0.00833333333333333	2135	0.427	0.5636	0.0094	C>S
0.050242394	0.0488054545454545	0.0504841666666667	-0.00167871212121212	-0.00946969696969697	2089	0.4178	0.5728	0.0094	C>S
0.051264475	0.0510051515151515	0.0511309090909091	-0.000125757575757576	-0.00984848484848485	2095	0.419	0.5712	0.0098	C>S
0.053166512	0.0536093939393939	0.0534698484848485	0.000139545454545454	-0.00871212121212121	2124	0.4248	0.566	0.0092	C>S
0.055263389	0.0559130303030303	0.0550483333333333	0.000864696969696969	-0.00909090909090909	2168	0.4336	0.5606	0.0058	C>S
0.056032171	0.0557957575757576	0.0558387878787879	-4.30303030303034e-05	-0.0102272727272727	2152	0.4304	0.5644	0.0052	C>S
0.058464655	0.0591809090909091	0.0580347727272727	0.00114613636363636	-0.00795454545454546	2225	0.445	0.549	0.006	C>S
0.059732623	0.0582736363636364	0.0597168181818182	-0.00144318181818182	-0.0113636363636364	2149	0.4298	0.5652	0.005	C>S
0.064583333	0.0646845454545455	0.0641319696969697	0.000552575757575757	-0.00833333333333333	2251	0.4502	0.5476	0.0022	C>S
0.064900099	0.0658342424242424	0.0641026515151515	0.00173159090909091	-0.00795454545454545	2286	0.4572	0.539	0.0038	C>S
0.064901843	0.0643539393939394	0.0663334848484848	-0.00197954545454545	-0.00984848484848485	2169	0.4338	0.5622	0.004	C>S
0.065207148	0.0653563636363636	0.0649662878787879	0.000390075757575757	-0.00757575757575758	2261	0.4522	0.543	0.0048	C>S
0.066101652	0.0654015151515152	0.0652718939393939	0.000129621212121212	-0.00871212121212122	2214	0.4428	0.5532	0.004	C>S
0.066256251	0.0659609090909091	0.0674246212121212	-0.00146371212121212	-0.0090909090909091	2238	0.4476	0.549	0.0034	C>S
0.066481013	0.0669354545454545	0.0671682575757576	-0.000232803030303031	-0.00909090909090909	2203	0.4406	0.5556	0.0038	C>S
0.069125101	0.0683966666666667	0.0687931060606061	-0.000396439393939394	-0.0087121212121212	2236	0.4472	0.5506	0.0022	C>S
0.070268034	0.0707381818181818	0.0707581818181818	-2.00000000000006e-05	-0.00833333333333333	2246	0.4492	0.5482	0.0026	C>S
0.070869081	0.0710545454545455	0.0708063636363636	0.000248181818181818	-0.00871212121212121	2238	0.4476	0.549	0.0034	C>S
0.072001216	0.0716951515151515	0.0717559848484848	-6.08333333333339e-05	-0.00852272727272728	2260	0.452	0.545	0.003	C>S
0.078385906	0.0800530303030303	0.0787708333333333	0.00128219696969697	-0.00795454545454545	2281	0.4562	0.5416	0.0022	C>S
0.07891631	0.07985	0.0792371212121212	0.000612878787878787	-0.00719696969696969	2333	0.4666	0.5304	0.003	C>S
0.079705675	0.0797121212121212	0.0812201515151515	-0.0015080303030303	-0.0117424242424242	2212	0.4424	0.5556	0.002	C>S
0.081120362	0.0804384848484848	0.0813599242424242	-0.000921439393939395	-0.00984848484848485	2228	0.4456	0.5516	0.0028	C>S
0.081233304	0.0816642424242424	0.0813824242424242	0.000281818181818181	-0.0071969696969697	2293	0.4586	0.539	0.0024	C>S
0.08901289	0.0889930303030303	0.087895	0.0010980303030303	-0.0090909090909091	2304	0.4608	0.538	0.0012	C>S
0.089251431	0.0901648484848485	0.0889463636363636	0.00121848484848485	-0.00643939393939395	2341	0.4682	0.5306	0.0012	C>S
0.092303933	0.0939048484848485	0.0924090909090909	0.00149575757575757	-0.0053030303030303	2395	0.479	0.5194	0.0016	C>S
0.097026101	0.0967757575757576	0.0958645454545455	0.000911212121212121	-0.00757575757575758	2328	0.4656	0.5328	0.0016	C>S
0.098361336	0.0995093939393939	0.0981602272727273	0.00134916666666667	-0.00662878787878788	2366	0.4732	0.525	0.0018	C>S
0.103013519	0.101263333333333	0.101915	-0.000651666666666667	-0.00984848484848484	2274	0.4548	0.544	0.0012	C>S
0.115699178	0.115152121212121	0.116495	-0.00134287878787879	-0.00833333333333335	2315	0.463	0.5356	0.0014	C>S
0.133701378	0.132562424242424	0.13281303030303	-0.000250606060606061	-0.00568181818181818	2382	0.4764	0.5222	0.0014	C>S
0.163982737	0.161986666666667	0.164905909090909	-0.00291924242424243	-0.00890151515151515	2338	0.4676	0.5316	8e-04	C>S
0.169721559	0.171178181818182	0.17053	0.000648181818181817	-0.00757575757575758	2362	0.4724	0.5268	8e-04	C>S
0.180798208	0.179624242424242	0.17983553030303	-0.00021128787878788	-0.0081439393939394	2383	0.4766	0.5224	0.001	C>S
0.203472661	0.205934848484848	0.203238863636364	0.00269598484848485	-0.00265151515151515	2456	0.4912	0.5084	4e-04	C>S
0.203608654	0.205605454545455	0.203412803030303	0.00219265151515151	-0.00492424242424244	2411	0.4822	0.5158	0.002	C>S
0.206207619	0.203856363636364	0.20701696969697	-0.00316060606060606	-0.00871212121212123	2362	0.4724	0.527	6e-04	C>S
0.210861139	0.212767575757576	0.210321136363636	0.00244643939393939	-0.00303030303030303	2457	0.4914	0.508	6e-04	C>S
0.230473422	0.229370606060606	0.230427727272727	-0.00105712121212121	-0.00321969696969698	2451	0.4902	0.5082	0.0016	C>S
0.232203123	0.231060909090909	0.230645151515152	0.000415757575757575	-0.00416666666666665	2430	0.486	0.5134	6e-04	C>S
0.259964497	0.260598484848485	0.259750606060606	0.000847878787878787	-0.00530303030303031	2401	0.4802	0.5188	0.001	C>S
0.271247672	0.271639393939394	0.271510909090909	0.000128484848484847	-0.00625000000000001	2412	0.4824	0.5168	8e-04	C>S
0.285167026	0.284705757575758	0.286258257575758	-0.0015525	-0.0060606060606061	2407	0.4814	0.518	6e-04	C>S
0.30127772	0.302552424242424	0.304256666666667	-0.00170424242424243	-0.00568181818181818	2413	0.4826	0.5164	0.001	C>S
0.339695919	0.339871818181818	0.337726060606061	0.00214575757575758	-0.00151515151515152	2476	0.4952	0.5042	6e-04	C>S
0.343356694	0.343756060606061	0.343657575757576	9.84848484848473e-05	-0.00568181818181818	2425	0.485	0.5144	6e-04	C>S
0.343700728	0.343307272727273	0.343193560606061	0.00011371212121212	-0.00378787878787878	2453	0.4906	0.5082	0.0012	C>S
0.371868338	0.373488484848485	0.37270446969697	0.00078401515151515	0.00303030303030299	2544	0.5088	0.4906	6e-04	S>C
0.381922383	0.381485151515151	0.382889621212121	-0.0014044696969697	-0.00303030303030302	2456	0.4912	0.5082	6e-04	C>S
0.399414475	0.397351515151515	0.400200757575758	-0.00284924242424243	-0.00378787878787876	2448	0.4896	0.5096	8e-04	C>S
0.400260348	0.401431212121212	0.398766363636364	0.00266484848484848	0.000378787878787867	2506	0.5012	0.4982	6e-04	S>C
0.408076897	0.407914242424242	0.407957878787879	-4.36363636363643e-05	-0.000946969696969696	2495	0.499	0.5008	2e-04	C>S
0.501616326	0.500796666666667	0.499148181818182	0.00164848484848485	0.000757575757575735	2506	0.5012	0.4976	0.0012	S>C
0.51	0.512752727272727	0.51070553030303	0.00204719696969697	0.00303030303030305	2538	0.5076	0.4922	2e-04	S>C
0.513517813	0.512160303030303	0.514373484848485	-0.00221318181818182	-0.00340909090909092	2459	0.4918	0.5072	0.001	C>S
0.58774894	0.585670606060606	0.589312651515152	-0.00364204545454545	-0.0011363636363636	2478	0.4956	0.5036	8e-04	C>S
0.68145031	0.682771818181818	0.678830833333333	0.00394098484848485	0.0083333333333333	2609	0.5218	0.4772	0.001	S>C
0.729833811	0.732103333333333	0.729760606060606	0.00234272727272727	0.00757575757575762	2597	0.5194	0.4798	8e-04	S>C
0.738917284	0.741500606060606	0.739639924242424	0.00186068181818182	0.00681818181818183	2589	0.5178	0.4808	0.0014	S>C
0.806629179	0.806502424242424	0.806266287878788	0.000236136363636365	0.00454545454545452	2575	0.515	0.4836	0.0014	S>C
0.841421553	0.840066666666667	0.84263	-0.00256333333333333	0.00435606060606064	2580	0.516	0.4818	0.0022	S>C
0.850355921	0.849428181818182	0.851873636363636	-0.00244545454545454	0.00340909090909092	2564	0.5128	0.4862	0.001	S>C
0.85825607	0.856085757575758	0.857373863636364	-0.00128810606060606	0.00492424242424239	2590	0.518	0.4804	0.0016	S>C
0.872349726	0.870985454545455	0.873468409090909	-0.00248295454545455	0.00568181818181812	2605	0.521	0.4778	0.0012	S>C
0.877218834	0.878298181818182	0.876494696969697	0.00180348484848485	0.0109848484848485	2712	0.5424	0.4568	8e-04	S>C
0.88573934	0.887146060606061	0.887020833333333	0.000125227272727274	0.0083333333333333	2677	0.5354	0.463	0.0016	S>C
0.932031449	0.932863333333333	0.931770681818182	0.00109265151515152	0.0102272727272728	2778	0.5556	0.4414	0.003	S>C
0.942777188	0.944366060606061	0.943444545454545	0.000921515151515152	0.00946969696969696	2791	0.5582	0.434	0.0078	S>C
0.943099815	0.943982424242424	0.942497045454545	0.00148537878787879	0.00946969696969702	2787	0.5574	0.4364	0.0062	S>C
0.952971631	0.952173939393939	0.952137348484848	3.65909090909096e-05	0.00795454545454544	2813	0.5626	0.4218	0.0156	S>C
0.954716644	0.954594545454545	0.953376515151515	0.0012180303030303	0.00946969696969696	2858	0.5716	0.4122	0.0162	S>C
0.970602022	0.970207575757576	0.971101060606061	-0.000893484848484849	0.00454545454545452	2803	0.5606	0.3694	0.07	S>C
0.978240844	0.978227272727273	0.978228181818182	-9.09090909089865e-07	0.00340909090909092	2721	0.5442	0.3238	0.132	S>C
0.989690722	0.989859090909091	0.989761590909091	9.75000000000008e-05	0	2022	0.4044	0.198	0.3976	Same
0.990537705	0.990301212121212	0.990575227272727	-0.000274015151515151	0	1947	0.3894	0.1924	0.4182	Same
0.99136251	0.990658181818182	0.991283106060606	-0.000624924242424242	0	1848	0.3696	0.1832	0.4472	Same
0.993150685	0.992820909090909	0.993406893939394	-0.000585984848484848	0	1579	0.3158	0.1532	0.531	Same
0.993630573	0.993508484848485	0.993721363636364	-0.000212878787878788	0	1487	0.2974	0.1426	0.56	Same
0.994413408	0.994184848484848	0.994373333333333	-0.000188484848484849	0	1330	0.266	0.1254	0.6086	Same
0.996753247	0.996576363636364	0.996431818181818	0.000144545454545455	0	926	0.1852	0.082	0.7328	Same
0.997167722	0.997150909090909	0.997399621212121	-0.000248712121212121	0	736	0.1472	0.0706	0.7822	Same
1	1	1	0	0	0	0	0	1	Same
1	1	1	0	0	0	0	0	1	Same
