start	MeanSel	MeanCont	dFreq_mean	dFreq_med	totalSmore	chanceSmore	chanceCmore	chanceEqual	Direction
0.028943308	0.0289590909090909	0.0299503787878788	-0.000991287878787879	-0.00113636363636364	2287	0.4574	0.5114	0.0312	C>S
0.032267499	0.032185303030303	0.0323138636363636	-0.000128560606060606	-0.000757575757575762	2331	0.4662	0.5082	0.0256	C>S
0.03386124	0.0337589393939394	0.0340234848484849	-0.000264545454545455	-0.00151515151515151	2331	0.4662	0.5126	0.0212	C>S
0.038847545	0.0395890909090909	0.0386587878787879	0.00093030303030303	-0.000757575757575762	2386	0.4772	0.5086	0.0142	C>S
0.039289337	0.0394766666666667	0.0395030303030303	-2.63636363636366e-05	-0.00189393939393939	2327	0.4654	0.5204	0.0142	C>S
0.039390748	0.0399356060606061	0.0396121212121212	0.000323484848484848	-0.00151515151515151	2375	0.475	0.514	0.011	C>S
0.039934363	0.0392583333333333	0.0399599242424242	-0.000701590909090909	-0.00227272727272727	2338	0.4676	0.5192	0.0132	C>S
0.040227669	0.0394774242424242	0.0402077272727273	-0.00073030303030303	-0.00227272727272727	2348	0.4696	0.521	0.0094	C>S
0.041266292	0.0413192424242424	0.0413115909090909	7.65151515151492e-06	-0.00113636363636364	2404	0.4808	0.5088	0.0104	C>S
0.042469817	0.042469696969697	0.0434292424242424	-0.000959545454545455	-0.00227272727272727	2353	0.4706	0.52	0.0094	C>S
0.043049142	0.0432210606060606	0.0431939393939394	2.7121212121212e-05	-0.00151515151515152	2404	0.4808	0.512	0.0072	C>S
0.043489488	0.0435992424242424	0.0435553787878788	4.38636363636361e-05	-0.000757575757575756	2431	0.4862	0.5066	0.0072	C>S
0.044010734	0.0442975757575758	0.0440224242424242	0.000275151515151515	-0.00151515151515151	2384	0.4768	0.5152	0.008	C>S
0.044294076	0.0443563636363636	0.0443965909090909	-4.0227272727273e-05	-0.00113636363636364	2420	0.484	0.509	0.007	C>S
0.045840808	0.0464634848484849	0.0469168181818182	-0.000453333333333334	-0.00151515151515151	2411	0.4822	0.5124	0.0054	C>S
0.045900107	0.0457930303030303	0.0448041666666667	0.000988863636363636	-0.00113636363636364	2426	0.4852	0.5084	0.0064	C>S
0.047142602	0.0473193939393939	0.0473355303030303	-1.61363636363637e-05	-0.00151515151515151	2418	0.4836	0.5106	0.0058	C>S
0.047730765	0.0482490909090909	0.0479706060606061	0.000278484848484848	-0.000757575757575757	2443	0.4886	0.506	0.0054	C>S
0.049876627	0.0501536363636364	0.0493975757575758	0.000756060606060606	-0.000946969696969696	2449	0.4898	0.506	0.0042	C>S
0.049878979	0.049449696969697	0.0499706060606061	-0.000520909090909091	-0.00227272727272727	2399	0.4798	0.5156	0.0046	C>S
0.050113114	0.0510013636363636	0.0497119696969697	0.00128939393939394	0	2494	0.4988	0.4968	0.0044	Same
0.05023462	0.0507851515151515	0.0499578787878788	0.000827272727272727	0	2485	0.497	0.4996	0.0034	Same
0.050242394	0.0498604545454545	0.0499539393939394	-9.34848484848487e-05	-0.00151515151515151	2411	0.4822	0.513	0.0048	C>S
0.051264475	0.0512877272727273	0.0508434848484848	0.000444242424242424	-0.000378787878787876	2469	0.4938	0.5006	0.0056	C>S
0.053166512	0.0536639393939394	0.0540009090909091	-0.000336969696969697	-0.0018939393939394	2404	0.4808	0.5156	0.0036	C>S
0.055263389	0.0552306060606061	0.0553512878787879	-0.000120681818181818	-0.000946969696969696	2448	0.4896	0.506	0.0044	C>S
0.056032171	0.0546660606060606	0.0565862121212121	-0.00192015151515152	-0.00378787878787879	2350	0.47	0.5276	0.0024	C>S
0.058464655	0.0583004545454545	0.0595226515151515	-0.00122219696969697	-0.0018939393939394	2417	0.4834	0.5144	0.0022	C>S
0.059732623	0.0599612121212121	0.0596965151515152	0.000264696969696969	-0.00151515151515151	2427	0.4854	0.5126	0.002	C>S
0.064583333	0.0631995454545455	0.065084696969697	-0.00188515151515152	-0.00321969696969697	2367	0.4734	0.5242	0.0024	C>S
0.064900099	0.0642768181818182	0.0646534848484848	-0.000376666666666667	-0.00132575757575758	2443	0.4886	0.5084	0.003	C>S
0.064901843	0.0656716666666667	0.0644276515151515	0.00124401515151515	-0.000946969696969696	2463	0.4926	0.5062	0.0012	C>S
0.065207148	0.0655815151515152	0.0641904545454546	0.00139106060606061	-0.000378787878787881	2474	0.4948	0.503	0.0022	C>S
0.066101652	0.0651456060606061	0.0651663636363636	-2.0757575757576e-05	-0.00246212121212121	2412	0.4824	0.5148	0.0028	C>S
0.066256251	0.0664965151515152	0.0664225	7.40151515151512e-05	-0.00151515151515152	2433	0.4866	0.5116	0.0018	C>S
0.066481013	0.0661225757575758	0.0663052272727273	-0.000182651515151515	-0.00227272727272727	2432	0.4864	0.5126	0.001	C>S
0.069125101	0.0686365151515152	0.06969	-0.00105348484848485	-0.00151515151515152	2434	0.4868	0.5106	0.0026	C>S
0.070268034	0.0699078787878788	0.0702781060606061	-0.000370227272727273	-0.00132575757575758	2450	0.49	0.508	0.002	C>S
0.070869081	0.0706507575757576	0.0706813636363636	-3.0606060606061e-05	-0.00113636363636364	2437	0.4874	0.509	0.0036	C>S
0.072001216	0.0718566666666667	0.0712720454545454	0.000584621212121212	-0.00227272727272727	2430	0.486	0.513	0.001	C>S
0.078385906	0.0790013636363636	0.0782242424242424	0.000777121212121212	-0.00151515151515151	2454	0.4908	0.5076	0.0016	C>S
0.07891631	0.0777210606060606	0.0795677272727273	-0.00184666666666667	-0.00303030303030304	2400	0.48	0.518	0.002	C>S
0.079705675	0.0791271212121212	0.0792376515151515	-0.000110530303030303	-0.00151515151515152	2449	0.4898	0.5088	0.0014	C>S
0.081120362	0.0802909090909091	0.0811955303030303	-0.000904621212121212	-0.00303030303030303	2389	0.4778	0.5196	0.0026	C>S
0.081233304	0.08183	0.0802768939393939	0.00155310606060606	-0.000757575757575756	2482	0.4964	0.5026	0.001	C>S
0.08901289	0.0894369696969697	0.0881983333333333	0.00123863636363636	-0.000378787878787881	2476	0.4952	0.5026	0.0022	C>S
0.089251431	0.0898775757575758	0.0901590151515152	-0.000281439393939394	-0.000378787878787881	2482	0.4964	0.502	0.0016	C>S
0.092303933	0.0920537878787879	0.0925033333333333	-0.000449545454545455	-0.00189393939393939	2439	0.4878	0.5102	0.002	C>S
0.097026101	0.0972925757575758	0.0969831818181818	0.000309393939393939	-0.00132575757575757	2457	0.4914	0.5062	0.0024	C>S
0.098361336	0.0990039393939394	0.0971013636363636	0.00190257575757576	0.000757575757575762	2517	0.5034	0.495	0.0016	S>C
0.103013519	0.102516212121212	0.102496590909091	1.96212121212117e-05	-0.000757575757575762	2472	0.4944	0.5044	0.0012	C>S
0.115699178	0.115666818181818	0.116382348484848	-0.000715530303030303	-0.00340909090909091	2417	0.4834	0.5152	0.0014	C>S
0.133701378	0.133484848484848	0.13425053030303	-0.000765681818181819	-0.00113636363636363	2474	0.4948	0.5038	0.0014	C>S
0.163982737	0.164440454545455	0.16430803030303	0.000132424242424242	-0.00340909090909092	2440	0.488	0.5112	8e-04	C>S
0.169721559	0.170365	0.168269621212121	0.00209537878787879	0.000757575757575762	2516	0.5032	0.4952	0.0016	S>C
0.180798208	0.180456818181818	0.179803181818182	0.000653636363636363	0	2498	0.4996	0.4994	0.001	Same
0.203472661	0.204157121212121	0.203403181818182	0.000753939393939393	-0.000189393939393934	2496	0.4992	0.5	8e-04	Same
0.203608654	0.203765757575758	0.203083939393939	0.000681818181818181	-0.000757575757575735	2479	0.4958	0.5024	0.0018	C>S
0.206207619	0.206843484848485	0.206214242424242	0.000629242424242424	0.000378787878787909	2509	0.5018	0.4976	6e-04	S>C
0.210861139	0.210957575757576	0.211503106060606	-0.000545530303030304	-0.00170454545454546	2458	0.4916	0.5076	8e-04	C>S
0.230473422	0.23150196969697	0.230418560606061	0.00108340909090909	0.000378787878787867	2503	0.5006	0.4988	6e-04	S>C
0.232203123	0.231026363636364	0.230676439393939	0.000349924242424243	-0.00151515151515152	2469	0.4938	0.5044	0.0018	C>S
0.259964497	0.258954090909091	0.259870303030303	-0.000916212121212121	-0.00151515151515152	2470	0.494	0.505	0.001	C>S
0.271247672	0.270711515151515	0.271695454545455	-0.000983939393939394	-0.000757575757575735	2489	0.4978	0.5016	6e-04	C>S
0.285167026	0.285703484848485	0.286087954545455	-0.000384469696969697	-0.000378787878787867	2491	0.4982	0.5008	0.001	C>S
0.30127772	0.30201803030303	0.300940454545455	0.00107757575757576	0.000568181818181829	2505	0.501	0.4976	0.0014	S>C
0.339695919	0.341988484848485	0.340231515151515	0.0017569696969697	0.000757575757575749	2510	0.502	0.4976	4e-04	S>C
0.343356694	0.342660151515152	0.343093712121212	-0.000433560606060606	-0.0011363636363636	2477	0.4954	0.5036	0.001	C>S
0.343700728	0.345266515151515	0.343632803030303	0.00163371212121212	0.00189393939393939	2534	0.5068	0.4928	4e-04	S>C
0.371868338	0.370992272727273	0.372723636363636	-0.00173136363636364	-0.00284090909090909	2450	0.49	0.5088	0.0012	C>S
0.381922383	0.380606060606061	0.382416060606061	-0.00181	-0.00227272727272732	2464	0.4928	0.506	0.0012	C>S
0.399414475	0.401402878787879	0.396571136363636	0.00483174242424242	0.00397727272727275	2570	0.514	0.4848	0.0012	S>C
0.400260348	0.400713181818182	0.401837121212121	-0.00112393939393939	-0.00075757575757579	2485	0.497	0.5018	0.0012	C>S
0.408076897	0.40807196969697	0.407707424242424	0.000364545454545454	0.00170454545454543	2529	0.5058	0.493	0.0012	S>C
0.501616326	0.501546666666667	0.502687878787879	-0.00114121212121212	-0.00265151515151515	2461	0.4922	0.5068	0.001	C>S
0.51	0.50821303030303	0.511167954545454	-0.00295492424242424	-0.00340909090909094	2440	0.488	0.5112	8e-04	C>S
0.513517813	0.511346060606061	0.513152196969697	-0.00180613636363636	-0.00265151515151518	2452	0.4904	0.5074	0.0022	C>S
0.58774894	0.588602878787879	0.588714318181818	-0.000111439393939394	0	2495	0.499	0.4998	0.0012	Same
0.68145031	0.679582424242424	0.681079772727273	-0.00149734848484849	-0.00246212121212119	2460	0.492	0.5074	6e-04	C>S
0.729833811	0.730844090909091	0.727431666666667	0.00341242424242424	0.00454545454545452	2577	0.5154	0.4832	0.0014	S>C
0.738917284	0.737882424242424	0.739958181818182	-0.00207575757575758	-0.000378787878787867	2485	0.497	0.501	0.002	C>S
0.806629179	0.805366363636364	0.807378560606061	-0.00201219696969697	-0.00208333333333333	2450	0.49	0.5084	0.0016	C>S
0.841421553	0.840980303030303	0.84297196969697	-0.00199166666666667	-0.000757575757575735	2481	0.4962	0.5018	0.002	C>S
0.850355921	0.84867803030303	0.849020378787879	-0.000342348484848484	0.0011363636363636	2519	0.5038	0.4958	4e-04	S>C
0.85825607	0.858349393939394	0.858023484848485	0.000325909090909091	0.0011363636363636	2524	0.5048	0.4938	0.0014	S>C
0.872349726	0.871801666666667	0.872413333333333	-0.000611666666666666	0.000757575757575735	2514	0.5028	0.4962	0.001	S>C
0.877218834	0.876150303030303	0.876638787878788	-0.000488484848484849	0.0022727272727272	2558	0.5116	0.487	0.0014	S>C
0.88573934	0.885255909090909	0.885246060606061	9.84848484848416e-06	0.00151515151515147	2536	0.5072	0.4904	0.0024	S>C
0.932031449	0.932655909090909	0.931876893939394	0.00077901515151515	0.0011363636363636	2534	0.5068	0.4908	0.0024	S>C
0.942777188	0.942846666666667	0.943816060606061	-0.00096939393939394	0.00151515151515147	2540	0.508	0.4888	0.0032	S>C
0.943099815	0.942472878787879	0.943391818181818	-0.000918939393939393	0.000378787878787867	2504	0.5008	0.4956	0.0036	S>C
0.952971631	0.953453939393939	0.953608181818182	-0.000154242424242424	0.0011363636363636	2534	0.5068	0.4848	0.0084	S>C
0.954716644	0.956199242424242	0.95508946969697	0.00110977272727273	0.00265151515151507	2608	0.5216	0.4708	0.0076	S>C
0.970602022	0.970480151515152	0.971167196969697	-0.000687045454545454	0	2491	0.4982	0.4644	0.0374	Same
0.978240844	0.978274393939394	0.978301742424242	-2.73484848484851e-05	0	2448	0.4896	0.4308	0.0796	Same
0.989690722	0.989649393939394	0.990173787878788	-0.00052439393939394	0	1837	0.3674	0.3316	0.301	Same
0.990537705	0.990275	0.990212045454545	6.29545454545455e-05	0	1842	0.3684	0.3034	0.3282	Same
0.99136251	0.991534848484849	0.99109303030303	0.000441818181818182	0	1758	0.3516	0.2914	0.357	Same
0.993150685	0.993082727272727	0.993128863636364	-4.61363636363632e-05	0	1466	0.2932	0.2522	0.4546	Same
0.993630573	0.993556060606061	0.993773939393939	-0.000217878787878788	0	1434	0.2868	0.2416	0.4716	Same
0.994413408	0.994294393939394	0.994602575757576	-0.000308181818181818	0	1296	0.2592	0.2242	0.5166	Same
0.996753247	0.996654696969697	0.996698484848485	-4.37878787878789e-05	0	866	0.1732	0.1418	0.685	Same
0.997167722	0.997492272727273	0.997164924242424	0.000327348484848485	0	791	0.1582	0.1154	0.7264	Same
1	1	1	0	0	0	0	0	1	Same
1	1	1	0	0	0	0	0	1	Same
