Age_old_vs_young.baseMean	Age_old_vs_young.log2FoldChange	Age_old_vs_young.lfcSE	Age_old_vs_young.stat	Age_old_vs_young.pvalue	Age_old_vs_young.padj	Regime_Sel_vs_Cont.baseMean	Regime_Sel_vs_Cont.log2FoldChange	Regime_Sel_vs_Cont.lfcSE	Regime_Sel_vs_Cont.stat	Regime_Sel_vs_Cont.pvalue	Regime_Sel_vs_Cont.padj	Ageold.RegimeSel.baseMean	Ageold.RegimeSel.log2FoldChange	Ageold.RegimeSel.lfcSE	Ageold.RegimeSel.stat	Ageold.RegimeSel.pvalue	Ageold.RegimeSel.padj
1360	19.2153577321099	-0.202680211737362	0.24137560416615	-0.839688055624079	0.401083312785544	0.556118350100759	19.2153577321099	-0.419650946091722	0.245144055521886	-1.7118544653197	0.0869234918871943	0.227000760019573	19.2153577321099	0.345627860356651	0.349524576380238	0.988851381885812	0.322735860592755	0.544511287404263
412	34.934478174751	-0.582462068805814	0.181677521541021	-3.20602165785435	0.00134583858495146	0.00813041581361623	34.934478174751	-0.822580135662157	0.185055022588487	-4.44505706549428	8.78685403991051e-06	0.000255642534723646	34.934478174751	0.235513573047612	0.277643405950619	0.848259198669751	0.396293635070512	0.612562155683332
ACCORD	40.7019215278316	-0.00894733310378945	0.354194303378729	-0.0252610869752537	0.979846712113931	0.98746328624473	40.7019215278316	-0.199608557122875	0.355159803966215	-0.562024629177526	0.574099238709561	0.739627308227776	40.7019215278316	0.549579211395606	0.499268981355436	1.10076778634152	0.270997735299114	0.492354462631682
AF222049	47.3397452235837	-0.202702412477393	0.337521551140532	-0.600561391687238	0.548132159480192	0.689436015951095	47.3397452235837	-0.756948826500861	0.341654682979601	-2.2155376882279	0.0267231804588692	0.100696714108384	47.3397452235837	-0.211991706333073	0.488358180303721	-0.434090622176597	0.664222635123748	0.815868582164093
AF541951	15.0457536408819	-0.687981326648148	0.315258451432927	-2.18227718724464	0.0290890816121382	0.085150093333238	15.0457536408819	-1.22799034736651	0.330867664352142	-3.71142447470951	0.000206096162912312	0.00293901245886113	15.0457536408819	0.612759805764866	0.483153424829668	1.26825098255464	0.204708335722299	0.418340246436964
BAGGINS	29.9320223912133	-0.491751569500946	0.293313724563478	-1.67653787845349	0.0936328832300808	0.200004470835589	29.9320223912133	-1.52755810954788	0.312565404102019	-4.8871631009083	1.02299342688163e-06	5.16809935115319e-05	29.9320223912133	0.879963321888451	0.440540213651027	1.99746423736361	0.0457747756620157	0.176130932659527
Beagle	157.684826341524	1.50192681508407	0.886951225049537	1.69335897247358	0.090387159269965	0.195273509651668	157.684826341524	0.00411432515357996	0.888634009141281	0.00462994338642946	0.996305852852769	0.998494433109772	157.684826341524	-0.0669464439795112	1.25426126745086	-0.0533751983871528	0.957432965857067	0.981959576986914
Beagle2	42.4957052287681	-0.12558570444923	0.271050324180065	-0.463329844113377	0.643127957022262	0.766013934001511	42.4957052287681	-0.705566340121646	0.27753228131071	-2.54228566417372	0.011013012346754	0.0537013104854438	42.4957052287681	0.382088719068577	0.391532213404637	0.975880670829247	0.329123601801312	0.551382671895487
BLOOD	65.9443645029984	-0.255517594200824	0.264285055609432	-0.966825739017324	0.333631155057017	0.491675779268366	65.9443645029984	-1.70259926013318	0.277908318838857	-6.12647821140043	8.98455035010059e-10	2.01904533212433e-07	65.9443645029984	0.22515463136918	0.394863947104893	0.570208126165969	0.568536545180265	0.748182089806562
BS	33.8519040939559	-0.255450740124215	0.249203191314639	-1.0250700995305	0.305330112712288	0.461773085427716	33.8519040939559	-0.868382474328962	0.258673375481355	-3.35706167174347	0.000787755393921944	0.00807201556948004	33.8519040939559	0.331722664061571	0.368160776033988	0.901026631992287	0.367574159853323	0.586770741209394
BS3	12.8232628704128	-0.32674790687761	0.297442929369486	-1.09852302614906	0.271976168636837	0.425367975026104	12.8232628704128	-1.1164255030384	0.32678313574283	-3.41641101062509	0.000634523985740853	0.00691416585401227	12.8232628704128	0.602350831833679	0.4616663761007	1.30473186486142	0.191984167092014	0.402165551785132
BS4	2.32499273169396	-0.211250017752916	0.71991461365571	-0.293437601829185	0.769187687629291	0.852752958957473	2.32499273169396	-1.33056910820737	0.817039928837906	-1.62852396956886	0.103413830975251	0.256790983602862	2.32499273169396	0.230542665725416	1.16730572399674	0.197499816017401	0.843436425400691	NA
CIRC	11.8474067179054	-0.302771622683478	0.302193416000401	-1.00191336624977	0.316385436474581	0.474053402137979	11.8474067179054	-0.994983105017629	0.328550195333804	-3.02840515436837	0.00245848236131656	0.0179416904240762	11.8474067179054	0.556223417288787	0.464962781438865	1.19627514178126	0.23158920605254	0.448144926864767
DIVER2	37.7840021584735	-0.527229375606066	0.222463796048103	-2.3699558533653	0.017790209317083	0.0591697021296581	37.7840021584735	-1.02198196890047	0.230476027033247	-4.43422243109496	9.24051859719196e-06	0.000263546869575055	37.7840021584735	0.859487093608648	0.327486971099134	2.62449248201838	0.00867782083445536	0.0657034917575191
DM_ROO	66.717446400677	-0.110433848911658	0.163556432531887	-0.67520333625599	0.499546587297609	0.647392972988647	66.717446400677	-0.476685460570644	0.167185682462423	-2.85123375129797	0.00435499412433958	0.0275847327255472	66.717446400677	0.233702335140337	0.236907357840454	0.986471409206822	0.323901838492267	0.545388053455129
DM06920	39.1721398367611	-0.124923025573055	0.297655005646104	-0.419690659331904	0.674711449571976	0.788909922717372	39.1721398367611	-0.131380762224754	0.296351598238565	-0.443327328098268	0.657528991827001	0.795627246633115	39.1721398367611	0.383173151359635	0.418860004560769	0.914800045808726	0.360296610763343	0.579623672103516
DM23420	97.4729385653769	0.037706615744956	0.245059430163133	0.153867230164761	0.877714422897964	0.923148681937461	97.4729385653769	-0.725832164147623	0.249420817286351	-2.91007050672247	0.0036134722915699	0.0241157183043124	97.4729385653769	0.356179981428727	0.350940512692689	1.01492979164998	0.310139295815123	0.532872685659675
DM33463	16.4177081737952	-0.189901308016038	0.252753427449495	-0.751330298197376	0.452453899381335	0.605009845240279	16.4177081737952	-0.878524007912701	0.274693689403517	-3.19819508711819	0.0013829069154103	0.0119054218860356	16.4177081737952	0.422770917793896	0.387442025366943	1.09118497765825	0.275191496669825	0.496744245077363
DM88	10.9257080818747	-0.26524866274904	0.310399098983709	-0.854540698144749	0.392805469474448	0.54807026654484	10.9257080818747	-1.06771832023676	0.343440802003235	-3.10888605549758	0.00187794127060426	0.0149432762643809	10.9257080818747	0.54536999205215	0.483774119902893	1.12732361987785	0.259605679427865	0.480086699818556
DMBARI1	4.47808799536489	-0.48055916962357	0.468338678332537	-1.02609327791277	0.304847618525803	0.461297568865743	4.47808799536489	-1.47090288977321	0.54122089003512	-2.71774965980668	0.0065727547471246	0.0373079924409729	4.47808799536489	0.898042829361671	0.758544599404676	1.18390247596051	0.236451669960306	NA
DMBLPP	99.7133304666317	0.64719376977266	0.422022219332333	1.53355378016959	0.12513946640661	0.247413786781015	99.7133304666317	-0.997609601213844	0.427833735387459	-2.33176937370397	0.0197128270130771	0.0812834505816031	99.7133304666317	-0.265280318669492	0.602611662001974	-0.440217698058129	0.659779442752308	0.813233762583463
DMCOPIA	4832.17045539916	2.01402931058665	0.201518701103422	9.99425512152849	1.61496799871574e-23	9.48309208845883e-21	4832.17045539916	-0.970128411362128	0.202112268295501	-4.79994816516402	1.58706702162096e-06	7.01214629146022e-05	4832.17045539916	-0.764575871553957	0.28536260023173	-2.67931351527173	0.00737732837270524	0.0602600835804739
DMCR1A	22.5114318497243	-0.383002716783747	0.232927598921416	-1.64429942418701	0.100114368228282	0.210000645515257	22.5114318497243	-0.894392993344464	0.245826933000601	-3.63830351063395	0.000274439890472902	0.00360909835041595	22.5114318497243	0.738040782755816	0.347616764594095	2.12314496286625	0.0337417062464344	0.146592680207281
DMDM11	20.579909587564	-0.239793118782269	0.416619727970165	-0.575568324502004	0.564906996314557	0.703229570141844	20.579909587564	-1.04249009596818	0.430194861693102	-2.42329741425849	0.0153803290367071	0.0680472534502514	20.579909587564	0.607941280954066	0.606062371080144	1.00310019226334	0.315812521950083	0.538127270238027
DME010298	69.6801599448106	-0.230762903927122	0.266514611582401	-0.865854605708078	0.386569899520998	0.542593151664229	69.6801599448106	-1.11240963781625	0.273781492726474	-4.06312942024765	4.84191657347067e-05	0.000969871485186882	69.6801599448106	0.800426569073226	0.384661385574593	2.0808602035205	0.0374467037035977	0.156491557953702
DME278684	32.3019596168557	-0.500853597737367	0.235323889608475	-2.12835848740505	0.0333073722413532	0.0945063492636995	32.3019596168557	-1.0333193668788	0.245087016436054	-4.21613262874905	2.48527629137795e-05	0.000569298614794732	32.3019596168557	0.90347500617045	0.346916457244672	2.60430137372598	0.00920617652673367	0.0683300111625631
DME487856	173.756241889828	0.249704030176577	0.272573958331388	0.916096430140231	0.359616320011623	0.516489429156964	173.756241889828	-0.459140669953509	0.274576716726494	-1.67217626981409	0.0944895684044531	0.240392003479938	173.756241889828	0.326314911762088	0.386618361585515	0.844023316491944	0.398656376420678	0.613963280827578
DME9736	27.9924364275895	0.0404395037925668	0.252353903100367	0.160249171087649	0.872684796915636	0.91991834260634	27.9924364275895	-0.885682355616811	0.271116495715649	-3.26679626512186	0.0010877192862664	0.010083451761875	27.9924364275895	0.549560495584673	0.374054899211716	1.46919742728358	0.141779247915563	0.34040673005772
DMGYPF1A	175.580199574393	1.49784572479035	0.615601903089485	2.43314017918592	0.014968504618773	0.0520243025282242	175.580199574393	-1.24199079407665	0.620035224173286	-2.00309715586342	0.0451668612192838	0.14532334463889	175.580199574393	-1.1303666200528	0.875052797606997	-1.29176962023779	0.196436939089206	0.407257366666107
DMHFL1	11.5259964739593	-0.388648715470568	0.325342736532249	-1.19458242594589	0.232250218870333	0.380644295668633	11.5259964739593	-0.409765908289214	0.321779792138619	-1.27343580392609	0.202863439069358	0.391773462811222	11.5259964739593	0.548707931529491	0.463594287251128	1.18359511024832	0.236573376937554	0.45400766053666
DMIFACA	7.13897989782801	-0.542239478908828	0.452544389433793	-1.19820174897596	0.230838484682078	0.379254531097906	7.13897989782801	0.00521545479188746	0.414499991162976	0.0125825208759457	0.989960865756809	0.995672508512536	7.13897989782801	1.04790196813392	0.598831178165654	1.74991217281615	0.0801334698802013	0.248674445427386
DMIS176	11.6203123073596	-0.216017932070695	0.32018356985049	-0.674669009941905	0.499886077792556	0.647689993115156	11.6203123073596	-0.29283428479357	0.319080951643117	-0.917742921617889	0.35875347100784	0.56310124531746	11.6203123073596	0.349935384136849	0.455886190633977	0.767593735730868	0.442728585178715	0.651910413343692
DMIS297	30.3576333433283	-1.16134902396802	0.285844473781728	-4.06287030357225	4.84729649281457e-05	0.00056869780231383	30.3576333433283	-0.512286590141456	0.270758798350631	-1.89204041849103	0.0584855957594747	0.173486858245105	30.3576333433283	0.496630300932905	0.407415081894304	1.21897868538344	0.222852282529573	0.437880985016911
DMLINEJA	60.9748496997795	0.754775196861147	0.23942340535636	3.15247039335078	0.0016189523824371	0.00938289140577906	60.9748496997795	-0.749604956757371	0.25441726367817	-2.94636042350333	0.00321537496277777	0.0220574722446555	60.9748496997795	-0.0127379349636828	0.34930226903687	-0.0364667970775142	0.970910153184791	0.985724316604247
DMMDG3	23.5290165894777	-0.0519437075238296	0.270023902141111	-0.192367072366374	0.847454683131949	0.904033772250124	23.5290165894777	-0.364346978171525	0.27483612753048	-1.32568807982174	0.184943037405429	0.370479637614368	23.5290165894777	0.0544045483975419	0.390794750048092	0.139215146546484	0.88928013984097	0.948692320728916
DMPOGOR11	17.9048019821661	-0.4281973336456	0.304863439902536	-1.40455455656635	0.160153777831545	0.293587983714555	17.9048019821661	-0.848742238593565	0.313843617205571	-2.70434761793364	0.00684386515841737	0.0383668552579836	17.9048019821661	0.226748353968091	0.456511603445534	0.496697898271812	0.61940210476428	0.7844425178093
DMREPG	10.0296339518112	-0.794295687207006	0.399016256144223	-1.99063490516013	0.0465210399109436	0.120472567301901	10.0296339518112	0.32726367487263	0.339199985197795	0.964810404345373	0.334639783705129	0.539413175960011	10.0296339518112	0.824119610850353	0.514552428191327	1.60162417996387	0.109238740525079	0.2946518277748
DMRER1DM	30.8029926143282	1.5100267397713	0.384995462525571	3.92219360162201	8.77464405834815e-05	0.000918444026927278	30.8029926143282	-0.727084196997745	0.414735790322351	-1.75312624076312	0.0795803402102754	0.214307883119985	30.8029926143282	-0.502004939898903	0.562726963950545	-0.892093274462358	0.372342939474578	0.590701179454836
DMRER2DM	86.5259616108862	1.92330981251695	0.392040224508802	4.90589917125652	9.30002938001596e-07	2.18876843765346e-05	86.5259616108862	0.632421342244864	0.396685696364938	1.59426303504288	0.110877133304549	0.269169781242594	86.5259616108862	-1.34044288633983	0.552311753833063	-2.42696788007336	0.0152256037706319	0.0913203244198099
DMRTMGD1	57.5414015395015	1.50416806241451	0.267167833065647	5.63004926586695	1.80158154290795e-08	7.55328352385896e-07	57.5414015395015	-0.968904825063566	0.292188014711732	-3.31603206250425	0.000913053528322549	0.00895098812617375	57.5414015395015	-1.03442563115431	0.400493767028649	-2.58287573069849	0.0097980608087182	0.0708168182394731
DMTHB1	17.0907134556745	-0.220432554757996	0.257189355242838	-0.857082730153679	0.391399164758989	0.546627635976878	17.0907134556745	-1.1078250688114	0.285388560454926	-3.88181315693055	0.000103680526755134	0.00172398180965068	17.0907134556745	0.416971649489668	0.403369761999917	1.03372064237615	0.301266780031712	0.524087627172198
DMTN1731	53.4042281681495	-0.0336171047391119	0.262054318685128	-0.128282964035043	0.897925046439206	0.936641126554584	53.4042281681495	-0.189155528354575	0.262628016067553	-0.720241241535789	0.471376475437096	0.66127660971339	53.4042281681495	0.390924856928183	0.36975152512517	1.05726367672411	0.290391265778601	0.51264759986985
DMTNFB	5.11958020758894	-0.137235011165713	0.456949366442196	-0.300328704324997	0.763926440339607	0.849442106126703	5.11958020758894	-0.239573591512505	0.456886960802535	-0.524360754554446	0.600027647520924	0.757436820448	5.11958020758894	0.110392206989661	0.657124992367197	0.167992708041721	0.86658901569429	0.935401112089576
DMTOM1_LTR	11.3137581001103	-0.0700478625531533	0.299998527609748	-0.233494021158247	0.815377811691964	0.883903045161436	11.3137581001103	-0.33095025400168	0.306827047626891	-1.07862151189527	0.280756487548921	0.482258837468719	11.3137581001103	0.128612354002573	0.436753202879936	0.294473751204358	0.768395918193057	0.880620896633707
DMTRDNA	7.72882032776745	-0.268757937559876	0.399605800902098	-0.672557647944956	0.501228753370087	0.64878546011003	7.72882032776745	-0.293587959488741	0.39553620745291	-0.742253057891531	0.457934027275264	0.651463884687381	7.72882032776745	0.490121919447371	0.564209774106171	0.868687395966915	0.385018137220487	0.603211575930459
DMU89994	195.21820332363	0.576236367228271	0.219423993125086	2.62613198776206	0.00863613225399027	0.0340802208302627	195.21820332363	-0.20857233349155	0.221934273826605	-0.939793254531322	0.347323619537876	0.551671466860428	195.21820332363	0.28024352555534	0.310529838172415	0.902468913147537	0.366807827939898	0.586230410543023
DMW1DOC	21.9677401278226	-0.264666401713045	0.287297698846744	-0.921227015654685	0.356931916402794	0.513387437383271	21.9677401278226	-0.110271444134445	0.280472149544346	-0.393163614688987	0.694198641526078	0.817474934042661	21.9677401278226	0.653053548101043	0.397209342777307	1.64410419839287	0.100154680892142	0.281428496256864
DMZAM	10.0981333162487	-0.462022269469852	0.538394623844732	-0.85814799964105	0.390810745532712	0.546305995337971	10.0981333162487	-0.801983457902241	0.545486671400158	-1.47021641398443	0.141503150581494	0.313932266328373	10.0981333162487	0.565306177062418	0.778253718896594	0.726377739465104	0.467607233892931	0.672946652790944
DOC2	16.3906650499953	-0.524263623248093	0.297058154964204	-1.76485181264008	0.0775886740942942	0.175636350918156	16.3906650499953	-0.209476365891134	0.281963712623127	-0.742919590405307	0.457530364289596	0.651306836091138	16.3906650499953	0.845836945885831	0.407288314327233	2.07675230575422	0.0378244262586563	0.157231510442387
DOC3	39.2548988261041	-0.281080567587277	0.191696955563026	-1.4662755950491	0.142573221348471	0.272522772056712	39.2548988261041	-0.636111457416599	0.197182796891869	-3.22599875568977	0.00125533902773856	0.0111382497532637	39.2548988261041	0.711306461092276	0.277322027083593	2.56491151666747	0.0103202119221569	0.0729395271601662
DOC4	15.405129808739	-0.401021266379956	0.280362720511369	-1.43036586907314	0.152612038786883	0.284352813503595	15.405129808739	-1.02482891799421	0.300823042772084	-3.40675005661272	0.000657412994608726	0.0070933120626905	15.405129808739	0.872814753403248	0.422103013624115	2.06777664511179	0.0386610308082448	0.159260799086161
DOC5	10.6730760113578	-0.364682603574982	0.354424275338668	-1.02894363888171	0.303506160344786	0.460038248204591	10.6730760113578	-0.403147760635661	0.351648848241974	-1.14644982530484	0.251609076622019	0.44942753250533	10.6730760113578	0.56123580873047	0.504091893438546	1.11336011555776	0.265553797395999	0.486656391151705
F	9.29712694278638	-0.500429003246854	0.354564425262998	-1.41139089990673	0.158129384739588	0.291305332452034	9.29712694278638	-0.565817115689729	0.352554629200531	-1.60490621545036	0.108514445509714	0.26536159151475	9.29712694278638	0.945041094348103	0.503030771667874	1.87869440116889	0.0602862327456762	0.209417344274879
FB	32.3075018054644	-0.430176342296872	0.287387545301994	-1.49685102687673	0.134432025527981	0.260308278285344	32.3075018054644	-1.325361553378	0.302238649112812	-4.38514914379234	1.15906336990887e-05	0.000312132891805625	32.3075018054644	0.766958207007755	0.426806240124196	1.79697046318859	0.0723403089883321	0.234438707663019
FROGGER	27.4322416776738	-0.565737448573059	0.232593833288696	-2.43229771217049	0.0150033695876884	0.0520684315714577	27.4322416776738	-1.41679252442383	0.253219523510872	-5.59511567188855	2.2047472647761e-08	2.37493188835469e-06	27.4322416776738	0.877305356949763	0.359234447928104	2.44215264435148	0.0145999719816626	0.0894758059434855
FW2	17.2360119161693	-0.392030867733667	0.259853849559021	-1.50865907277862	0.131385929613559	0.256131062943311	17.2360119161693	-1.0382840317961	0.280345933416645	-3.70358156846533	0.000212576786413429	0.00299862103258943	17.2360119161693	0.862698644552035	0.393020033713273	2.19505004974229	0.0281600077185998	0.131832451543472
FW3	8.97880127652902	-0.162187542221054	0.367938128001947	-0.440801128988175	0.659356976132575	0.777536733376941	8.97880127652902	-0.943664358485233	0.401801625302332	-2.34858273103097	0.0188450122173686	0.0787246971822267	8.97880127652902	0.780528091975906	0.553093344176514	1.41120499856677	0.158184176717823	0.361366401040458
G2	7.31957163544149	-0.51689361509732	0.403886518398939	-1.2797991305735	0.200615789735975	0.343845860283026	7.31957163544149	-0.104723059811392	0.375201223380217	-0.279111722685587	0.780159087089998	0.873590510406447	7.31957163544149	0.435144992067649	0.557204511733079	0.780943052155506	0.434835989374949	0.644440800249012
G3	21.2567199579177	-0.335505773098314	0.242880357949143	-1.38136231324464	0.167167587415396	0.30324342563368	21.2567199579177	-0.781974319918279	0.253206965011892	-3.08828124013711	0.00201317851012121	0.0155603278377091	21.2567199579177	0.332001609744695	0.365251475922912	0.908967195562449	0.363367442084542	0.582747048235177
G4_DM	23.1078129140075	-0.228171877102813	0.223192936006789	-1.02230778977643	0.306635247514379	0.463345901545145	23.1078129140075	-0.866078320424217	0.239204400529598	-3.62066215549013	0.000293850015234249	0.00380136678200457	23.1078129140075	0.33805079766852	0.340849455181076	0.991789168296986	0.32130038259505	0.543633086839106
G5_DM	38.8158320177719	-0.2635391945578	0.224624506269397	-1.17324328914376	0.240698256960492	0.390328684029828	38.8158320177719	-0.983977941883894	0.236084977848523	-4.16789730058655	3.07422377611265e-05	0.000676303691732078	38.8158320177719	0.515808807525174	0.333606007621832	1.54616162701087	0.122065538351793	0.312718112031568
G5A	31.9470958651838	-0.363695389996162	0.190550775077308	-1.90865342766833	0.0563068147819606	0.139038526660922	31.9470958651838	-1.10500891860184	0.207534166122837	-5.32446748044272	1.01249212776936e-07	7.76283670196817e-06	31.9470958651838	0.554660427145253	0.295400622975409	1.87765489983895	0.0604283901804391	0.209778303885891
G6_DM	8.59125738246052	-0.429582318455944	0.550157839263215	-0.780834676519835	0.434899736127253	0.588892251940328	8.59125738246052	0.0687025224587277	0.527073198788256	0.130347212904536	0.896291728170148	0.944632197377675	8.59125738246052	0.934118596822931	0.750428885821453	1.24477963798049	0.213212762864129	0.427602588697438
GTWIN	145.272463799799	-0.25990017955016	0.149394604572547	-1.73968919623165	0.0819136074155397	0.182437588751773	145.272463799799	-0.597540204356096	0.15110235991903	-3.95453919234813	7.66823016040312e-05	0.00137102485474203	145.272463799799	0.468027811848692	0.214108777552863	2.18593472532034	0.0288203812460827	0.133682698634049
GYPSY10	52.8915381483207	-0.312603345493971	0.16565092115222	-1.88712108160698	0.0591440417866483	0.144467038697553	52.8915381483207	-1.01990309769063	0.176905610245413	-5.76523885407458	8.15422735679974e-09	1.09569277699513e-06	52.8915381483207	0.614794635000141	0.249697827724915	2.46215451933143	0.0138105153400371	0.0871825600340834
GYPSY2	74.5472890639857	-0.305833524564893	0.196033382336382	-1.56010941054978	0.118734028086784	0.238035579694639	74.5472890639857	-0.672069092483768	0.19891590636499	-3.3786593780519	0.000728401971136498	0.00767280804729353	74.5472890639857	0.527573925200846	0.2820582352551	1.87044326049795	0.0614222892764052	0.211754403947883
GYPSY3	66.5954766580096	0.130772623832187	0.22687865160662	0.576398982037901	0.564345532323167	0.703014786711634	66.5954766580096	-0.620136387616541	0.233541055176088	-2.65536347409651	0.00792229948066133	0.0424935191073826	66.5954766580096	0.317067615152075	0.326601330798794	0.970809317820592	0.331643241714227	0.553807870476896
GYPSY4	37.325974576487	-0.32463016022774	0.206089126069403	-1.57519305564146	0.1152118896335	0.232962884272696	37.325974576487	-1.06720604885441	0.21997386842698	-4.85151284780295	1.22523271316315e-06	5.87825268995814e-05	37.325974576487	0.727918093779243	0.309030004547226	2.35549326301098	0.0184981324610343	0.102850741559831
GYPSY5	29.0540060933492	-0.348083661462863	0.295172986352425	-1.17925310769213	0.238297404493402	0.387505499635905	29.0540060933492	-1.41242292665764	0.314554622373254	-4.49023103205791	7.11459629830922e-06	0.000214160850235941	29.0540060933492	0.643427684283759	0.443700944910557	1.45013818803894	0.147019987806779	0.34728881701989
GYPSY6	40.6455092069098	-0.408957734465975	0.271865841814344	-1.50426302817862	0.132513654697305	0.257565929246785	40.6455092069098	-0.622070349740775	0.27352191230869	-2.27429804248634	0.0229480727871948	0.090729896642491	40.6455092069098	0.769092245883991	0.387650861866556	1.98398177726416	0.0472578714200663	0.179865590750097
GYPSY7	29.6452372874514	-0.140972076635224	0.282456049578409	-0.499093847859295	0.617713271427969	0.747263738012317	29.6452372874514	-1.42062541024731	0.307018688623707	-4.62716265454604	3.7070936909246e-06	0.000128165143680401	29.6452372874514	0.716518215779301	0.426412252936308	1.68034152594186	0.0928908859507284	0.269722874240204
GYPSY9	25.5354943544395	0.562862817291208	0.311924000234921	1.80448704449576	0.0711549883421537	0.165736648768396	25.5354943544395	-0.962933348945691	0.343074573202454	-2.8067756230289	0.00500400832858837	0.0304940944156307	25.5354943544395	0.695327732926591	0.460083184393539	1.51130872962276	0.130709810848424	0.324849711147986
HEL	16.2081721472229	-0.227626632904612	0.261099751715217	-0.871799499652093	0.383317767612631	0.539188389369115	16.2081721472229	-1.15762878503228	0.292634573298912	-3.95588522566615	7.625176580127e-05	0.00136529325253546	16.2081721472229	0.557876444720237	0.409734545437338	1.36155579492273	0.173338113930849	0.381560163451949
HOPPER2	10.0806233854892	-0.230790048282161	0.323998426303836	-0.712318423626333	0.476267617924419	0.626418065282157	10.0806233854892	-0.611971484859882	0.33683995784574	-1.81680192805433	0.0692474475042477	0.194561593181799	10.0806233854892	0.228771449035265	0.485214527565018	0.471485159736093	0.637294314857248	0.796708676237494
INE1	7.06200457952236	-0.334892718132781	0.401365503154339	-0.834383412378125	0.404064961500319	0.559328018371021	7.06200457952236	-0.21933238868205	0.389387259301413	-0.563275719589663	0.573247149034964	0.739333400012045	7.06200457952236	0.282845416200985	0.568291306688334	0.497712023520544	0.618687032272608	0.7840800305026
INVADER	16.055737381019	-0.358732741085588	0.263140013484599	-1.36327704910824	0.172795212388816	0.309770565454778	16.055737381019	-0.865517168483256	0.279021819974327	-3.10196947522919	0.0019223777979557	0.0151813931273071	16.055737381019	0.791604078941847	0.392299231101368	2.017857839587	0.0436060690090308	0.171577681861215
INVADER2	22.2332238262043	-0.331430172285076	0.228726298129686	-1.44902521045987	0.147330542291237	0.278302894476207	22.2332238262043	-0.657421199100727	0.235842587917831	-2.78754233874747	0.00531095138802025	0.0319818858603988	22.2332238262043	0.650602303030915	0.334371266867555	1.94574823705956	0.0516849892292493	0.189880888092721
INVADER3	19.595155156859	-0.103419601225224	0.236078813836245	-0.438072351960228	0.661333835893313	0.778851240346076	19.595155156859	-0.625750084674257	0.249930521255039	-2.50369615336302	0.012290353190586	0.058209470743495	19.595155156859	0.358025236165795	0.351122373443492	1.01965942145642	0.307890012911246	0.530478002455846
INVADER5	9.76033364740242	-0.853917736621868	0.369550121456271	-2.31069532126487	0.0208496898612038	0.0667028400407611	9.76033364740242	-1.66858085336953	0.408183857273868	-4.08781685908271	4.35451694764165e-05	0.000901556192596875	9.76033364740242	1.41714079558865	0.575794197138107	2.46119325729979	0.0138475752841695	0.0873033913030683
INVADER6	70.6232722910249	-0.162878903940771	0.166422413176765	-0.978707740331647	0.327724406461795	0.485713708920662	70.6232722910249	-0.880902873105326	0.174645416157519	-5.04395072305137	4.56016784945282e-07	2.66534653586404e-05	70.6232722910249	0.387531504154975	0.246449943051582	1.57245523921206	0.115845012080872	0.304174565208949
IVK	11.4774394372619	-0.438936026255272	0.355763172863566	-1.23378713631948	0.217282234050714	0.363654347540485	11.4774394372619	-0.519626791323346	0.354810109211964	-1.46452081784659	0.143051699246897	0.315986831701049	11.4774394372619	0.829058036486576	0.505053520350847	1.64152511185478	0.100688458711023	0.281989730539952
JOCKEY2	42.7376436280238	-0.318980779765047	0.178094695882934	-1.79107400242127	0.0732814204241297	0.169113185588717	42.7376436280238	-1.10685701950508	0.192528584829119	-5.74905290291039	8.97447366336398e-09	1.16973289728286e-06	42.7376436280238	0.45361632450248	0.274208810708199	1.65427333764705	0.0980719877582826	0.278390476529157
JUAN	22.7907837247966	0.46395847264586	0.317290316020438	1.46225223153667	0.143672103308064	0.274046522478531	22.7907837247966	0.0375169561151845	0.323459479830436	0.115986571594228	0.907663184278101	0.951003371694595	22.7907837247966	-0.278884956453113	0.449620057929277	-0.620268049734071	0.53508132625727	0.722086621852903
LOOPER1_DM	26.1999102174775	-0.178061380427175	0.300027431570958	-0.593483667459462	0.552857510144884	0.693670790506572	26.1999102174775	-1.22773735396015	0.319070238336942	-3.84785920604617	0.00011915449497625	0.00192448536247886	26.1999102174775	0.0860574520960399	0.455739554318988	0.188830333642283	0.850225796702509	0.925846435360981
MARINER2	12.2560373368057	-0.300863684683051	0.295565317816466	-1.01792621308118	0.308713023257459	0.465646769218545	12.2560373368057	-0.889341214525399	0.317092418169158	-2.80467511541372	0.005036731937517	0.030648349240708	12.2560373368057	0.59203194105232	0.44815425412048	1.32104500985761	0.186486356871109	0.396521293871382
McCLINTOCK	5.70479014650394	-0.583409047354601	0.449074325838732	-1.29913694412383	0.193896936477766	0.335958339037309	5.70479014650394	-0.624423854405798	0.444793018907924	-1.40385264125528	0.1603627346355	0.339423170386344	5.70479014650394	0.98300827887276	0.639446064387131	1.53728098993761	0.124224514647861	0.315536532055587
OPUS	71.9689862087427	0.43687932576749	0.250091738362209	1.74687628079403	0.0806588010288818	0.180567472223253	71.9689862087427	-0.0229701992397239	0.253241453298309	-0.0907047362923871	0.927727207131075	0.961880436889251	71.9689862087427	0.391701768909392	0.351397062677034	1.11469847222201	0.264979655941771	0.486254069200606
OSV	19.1522147788662	-0.575889042340966	0.257659912613505	-2.23507427484388	0.0254124729384934	0.0770377083607813	19.1522147788662	-0.66007762278485	0.25697386611671	-2.56865662162339	0.0102093565270063	0.0509646698479508	19.1522147788662	1.01431578136334	0.367616275686456	2.75916995097479	0.00579483896763321	0.0530629244365078
PPI251	41.1971104745869	0.221940754926565	0.240671429352634	0.922173253067673	0.356438212191364	0.512928607275503	41.1971104745869	-0.641151369211493	0.25179099812167	-2.54636334894577	0.0108851820611171	0.0532973189273479	41.1971104745869	-0.111873085938849	0.353739645999171	-0.316258262832974	0.75180648795014	0.870846614104011
Q	8.54642231646678	-0.329589732545385	0.374605765038836	-0.879830913737316	0.37895091512146	0.535418617322717	8.54642231646678	-1.10098455992884	0.408579462174574	-2.6946644700864	0.00704595433898181	0.0391572702492638	8.54642231646678	0.588923734469911	0.578013788753727	1.01887488833044	0.308262366786143	0.530786087528487
QBERT	23.4405750611822	-0.307663205371191	0.246178462057102	-1.2497567935079	0.211388403725367	0.356687559389469	23.4405750611822	-0.369781659695714	0.245013088619598	-1.50923226909657	0.131239436500404	0.299971703548534	23.4405750611822	0.599644065888691	0.348408194306217	1.72109633380684	0.085233344464299	0.257430123027966
QUASIMODO	13.4436286062558	-0.271350132389134	0.268936057998574	-1.00897638795082	0.312985958331455	0.470219661589435	13.4436286062558	-0.99148942063656	0.295156121283067	-3.35920331357682	0.000781675351228068	0.0080160161509887	13.4436286062558	0.303247641820912	0.42421299917165	0.714847594046047	0.474703222384491	0.678053322582537
ROOA_LTR	171.505189047963	0.134375385017122	0.0846603811612464	1.5872286797432	0.112460861454135	0.229255399569061	171.505189047963	-1.00735816192249	0.0952451277024774	-10.5764797236582	3.83081915696065e-26	4.99308968918251e-22	171.505189047963	-0.0191621960314939	0.133563387478009	-0.143468928074686	0.885919849163505	0.9469408045977
ROVER	21.6220278928148	-0.467699198477886	0.37220035114926	-1.25657914355467	0.208906070910799	0.353664991405662	21.6220278928148	-0.112073870549654	0.363234538314221	-0.308544091290964	0.757668355570747	0.860493624491219	21.6220278928148	0.335813877218007	0.522833651150198	0.64229583631283	0.520681117208805	0.711405138346069
ROXELEMENT	37.2023989624639	-0.541987801167793	0.226084238012236	-2.39728256128347	0.0165171809825585	0.0558691743834006	37.2023989624639	-1.01756451142983	0.233709004140664	-4.35398077695537	1.33687434757971e-05	0.00034989598888261	37.2023989624639	0.861922174777335	0.332413726618682	2.59291992405014	0.00951649252647065	0.0698300488397211
RT1B	56.9461452597837	-0.297839282090496	0.244952363450901	-1.21590695388492	0.224020368791442	0.371437979823054	56.9461452597837	-0.867884232152755	0.250314270668016	-3.46717839872502	0.000525952694685075	0.00601867201275265	56.9461452597837	0.445572977348291	0.355078472067521	1.25485776356377	0.209530398909792	0.423305428368401
S2	11.3087947807998	-0.348343976725001	0.286281234054354	-1.21678941994103	0.22368434648978	0.371142832039556	11.3087947807998	-1.3316403416675	0.329217913923474	-4.04485990995325	5.23544210565179e-05	0.00102306975120038	11.3087947807998	0.297540891624415	0.477442931336364	0.623196767813898	0.533155225462137	0.720856763776939
SPRINGER	379.268766864225	1.82396525205691	0.58467119384883	3.11964275176606	0.0018107049931944	0.0102186061701466	379.268766864225	-0.602596228264089	0.586686936923578	-1.02711717329848	0.304365293051974	0.508863164397054	379.268766864225	-0.156937188527343	0.82763572677444	-0.189621089871237	0.849606059713558	0.925539073987858
STALKER2	68.695415728594	-0.00663705604625275	0.423202453202131	-0.015682933773266	0.987487342200218	0.992303529288899	68.695415728594	-0.766736995057529	0.426785166325687	-1.79654087244545	0.0724085384318551	0.200291360339728	68.695415728594	0.352223359792814	0.602391818065362	0.584708074097043	0.558744024112492	0.740715642841575
STALKER3	0.556097789246585	-0.932579461635521	1.42700532054257	-0.653522063450288	0.513419770226655	NA	0.556097789246585	-0.483964088563792	1.37728826203509	-0.351389104157965	0.725296455514247	0.840088332104567	0.556097789246585	0.409736269389461	2.0631292365412	0.19859941981937	0.842576107487663	NA
TABOR	17.0690741966193	-0.728519215220892	0.288152031289481	-2.52824598168115	0.011463400552214	0.0424286719461714	17.0690741966193	-0.896771056424097	0.29033721915256	-3.08872234514612	0.00201019210603237	0.0155586959085665	17.0690741966193	0.541314395437804	0.430008931758307	1.25884453893636	0.208086489432125	0.422333509317753
TAHRE	37.8252261571722	-0.211519033289104	0.285719279980169	-0.740303676054991	0.459115750913169	0.610028450960354	37.8252261571722	0.0875204280085938	0.279822928382917	0.312770752969995	0.754454837085551	0.858526658509959	37.8252261571722	0.38196752596392	0.397471797554534	0.960992775623316	0.336555800305561	0.55846575848616
TC1	14.8621679467334	-0.299620709115067	0.25818120848462	-1.1605054871099	0.245843061012757	0.396358079765923	14.8621679467334	-0.971959968976473	0.281459756501475	-3.45328220651459	0.000553809302470036	0.00628228933715792	14.8621679467334	0.433332431684977	0.401968854042331	1.07802489503165	0.281022646401877	0.50331729486181
TC1-2	33.0175392973284	-0.162351239967798	0.193246480473581	-0.840125209887034	0.400838186579061	0.555844097672038	33.0175392973284	-0.973154892837803	0.210625753047673	-4.62030344702216	3.83179201416909e-06	0.000132096522032778	33.0175392973284	0.413261947788914	0.296246086755226	1.39499546581479	0.163017206872089	0.367430694324562
TC3	17.8568187290909	-0.374492184956825	0.254150564232123	-1.47350522745561	0.140614855340009	0.269657227484171	17.8568187290909	-1.09589008666922	0.276200695473808	-3.96773109057265	7.25601407221698e-05	0.00131712091626561	17.8568187290909	0.537783807213512	0.394134748276819	1.36446687221752	0.172420673641047	0.380191917556238
Tinker	87.5977564827904	0.0844558847884417	0.201921067341857	0.418261877773536	0.675755658972332	0.789580584914046	87.5977564827904	-0.541577365346039	0.206704371859691	-2.6200576237142	0.00879149102401475	0.0458720152149753	87.5977564827904	0.580028892266324	0.288237075847963	2.01233269717277	0.0441848779096779	0.17286309225006
TIRANT	34.9529200158643	-0.49272658476452	0.253864352027015	-1.9409049787033	0.0522698040175594	0.131870371295858	34.9529200158643	-0.706439193539846	0.255941739237551	-2.76015625917181	0.00577737206927141	0.034073424231169	34.9529200158643	0.764505246449782	0.364746568503121	2.09599023669291	0.0360830570421102	0.152536083141406
TRANSIB1	10.0278869203762	-0.166327512810666	0.333192261962661	-0.499193804294606	0.617642858927445	0.747263738012317	10.0278869203762	-0.774122232740435	0.354977575850753	-2.18076375918998	0.0292008943859552	0.107128903891904	10.0278869203762	-0.159257450098112	0.521074656763536	-0.305632692035497	0.759884326159903	0.87534716559636
TRANSIB2	18.2106926791782	-0.301019662741283	0.246541299988118	-1.22097053416929	0.222097176460381	0.369239699936397	18.2106926791782	-0.955375855516382	0.265782680721702	-3.59457528580181	0.000324921181834639	0.00410744793690153	18.2106926791782	0.393469820356062	0.380406844136553	1.03433948789528	0.300977482628169	0.523750473418626
TRANSIB4	24.2669342581116	-0.324425199091528	0.270211105318773	-1.20063606826521	0.229892403539055	0.37818411362413	24.2669342581116	-0.879121193762675	0.281009538697687	-3.12843897697168	0.00175737498487257	0.0141744155127157	24.2669342581116	0.339879996999816	0.402437422460808	0.844553657364993	0.398360092828922	0.613765480102988
DM14101	1029.54286130777	-0.0301167744359097	0.256521987922452	-0.117404261053108	0.906539707594124	0.942159497874813	1029.54286130777	0.840698942726153	0.255901064597168	3.28524988377659	0.00101891961930847	0.00960969487559087	1029.54286130777	0.35104344934541	0.36186767071341	0.97008790161702	0.332002678967679	0.553954175796108
AY561850	906.709162301045	0.0186434964941013	0.313365215875108	0.0594944669976761	0.952558272369022	0.97173130416901	906.709162301045	0.532230597907368	0.313014405704626	1.70033898826242	0.0890671808208244	0.23102520095893	906.709162301045	0.351540883147135	0.442589947603403	0.794281219107455	0.427031735013108	0.638307416963319
GYPSY12	280.025476157714	-0.619088602157119	0.145523863230842	-4.25420675628346	2.09791390616287e-05	0.000285822516403442	280.025476157714	-0.486332678628431	0.144547600295337	-3.36451575560413	0.000766781061537606	0.00792563390648783	280.025476157714	0.733605610916097	0.205904893824568	3.56283717831949	0.000366868241972865	0.0108478291494402
INVADER4	218.127097222945	-0.181817544704277	0.184202075964548	-0.987054807890821	0.323615770724647	0.481752264088002	218.127097222945	-0.625672122856311	0.185667043032898	-3.3698609760562	0.000752061162181772	0.00784817068685125	218.127097222945	0.921051779928525	0.261251354193961	3.52553877766585	0.000422622298925402	0.0118957124349711
STALKER4	188.504691179535	-0.167738164605374	0.160156810791202	-1.04733706781946	0.294944145647635	0.450960037297986	188.504691179535	-0.0409992102533073	0.159010772509955	-0.257839199232495	0.796531010429393	0.884702615248122	188.504691179535	0.14477853951957	0.225843111266629	0.641058027883105	0.521484982467735	0.711794233877199
TARTC	206.542610182035	-0.0858816889966595	0.735689187200528	-0.116736375212282	0.907068964078153	0.94247877761008	206.542610182035	-1.28270697764917	0.73691151846303	-1.74065263672972	0.0817444851282931	0.218197341626494	206.542610182035	0.346374203747496	1.04197994310903	0.332419262038763	0.739572695733622	0.863832247891592
TRANSIB3	170.499313669648	-0.126646083107553	0.161940008818322	-0.78205555274259	0.434181926432454	0.588176502146598	170.499313669648	-0.40593767592173	0.162918818202271	-2.49165615366631	0.0127149062101719	0.0596781013840047	170.499313669648	0.330755633337872	0.230355990275557	1.43584559247717	0.151046283100777	0.351258504579373
STALKER	144.308531115199	-0.208993813300754	0.15598056600375	-1.33987084837049	0.180287337062863	0.31954338763451	144.308531115199	-0.0121269937368478	0.153964550565967	-0.0787648435452803	0.937219667925327	0.967039062287207	144.308531115199	0.160137753321582	0.219369818687405	0.729989905994194	0.46539635463423	0.671170453160421
DMAURA	84.1067355815704	-0.306474282161628	0.221176697224381	-1.38565357927699	0.165852709223126	0.301579601856271	84.1067355815704	-0.452938486770581	0.221562095278738	-2.04429591713672	0.040924322347924	0.135623599665101	84.1067355815704	0.819673410255383	0.312696414497437	2.6213073519655	0.00875932527838861	0.0661320015856318
RT1C	80.5250932266822	-0.755359223092412	0.165035414715227	-4.57695231290692	4.71798954518821e-06	8.78099353703492e-05	80.5250932266822	-0.547134810287777	0.160917540937204	-3.40009427872931	0.000673626224473935	0.00720857488488774	80.5250932266822	0.885933021482982	0.233224403116228	3.79862917278633	0.000145498593549835	0.00651477376017015
GYPSY8	66.4074655088703	-0.641152493162309	0.189760656588239	-3.37874301601699	0.000728180420629781	0.00499518157703046	66.4074655088703	-0.579255702239674	0.187408430982434	-3.09087322914501	0.0019956881809079	0.0155014209079519	66.4074655088703	1.0526508151818	0.267760011148685	3.93132197248555	8.44800425099966e-05	0.00458785181353794
GYPSY11	31.7361378328992	-0.435081511831317	0.278019126476331	-1.56493374159406	0.117598446093536	0.236182443877052	31.7361378328992	-1.04897900379561	0.28771466515053	-3.64590036884909	0.000266457204694393	0.0035353191233982	31.7361378328992	0.664107139109368	0.408575534227049	1.62542072022433	0.104072943861989	0.287432073052874
R1-2	27.2600016805551	-0.303605159019744	0.236953410857402	-1.2812862997885	0.200093123222142	0.343300750784636	27.2600016805551	-0.510007201682094	0.239545974285656	-2.12905770261	0.0332494866666056	0.117556923162024	27.2600016805551	0.626142918422016	0.339436608994342	1.84465346939773	0.0650879636053301	0.219696911000145
