Age_young_vs_old.baseMean	Age_young_vs_old.log2FoldChange	Age_young_vs_old.lfcSE	Age_young_vs_old.stat	Age_young_vs_old.pvalue	Age_young_vs_old.padj	Regime_Sel_vs_Cont.baseMean	Regime_Sel_vs_Cont.log2FoldChange	Regime_Sel_vs_Cont.lfcSE	Regime_Sel_vs_Cont.stat	Regime_Sel_vs_Cont.pvalue	Regime_Sel_vs_Cont.padj	Ageyoung.RegimeSel.baseMean	Ageyoung.RegimeSel.log2FoldChange	Ageyoung.RegimeSel.lfcSE	Ageyoung.RegimeSel.stat	Ageyoung.RegimeSel.pvalue	Ageyoung.RegimeSel.padj
DMCOPIA	907367.21270318	-2.34587520359209	0.235149642117961	-9.97609514717142	1.93949878867016e-23	1.18415700015108e-21	907367.21270318	-2.81314530408548	0.235150376844806	-11.9631758274497	5.54017622190992e-33	7.26372504454609e-29	907367.21270318	0.663817261586287	0.332556652316304	1.99610279019441	0.0459227353984436	0.155506134797099
DM_ROO	17501.3284290328	-0.563040117648988	0.181367250402675	-3.10441998982129	0.0019065248519376	0.00484457312718694	17501.3284290328	-0.204802807240955	0.181355270316109	-1.12929062874201	0.258775252837702	0.473128202475959	17501.3284290328	0.0479244988677364	0.256487853511284	0.186848999715412	0.851779027174735	0.928239717053639
Beagle	5456.16357385215	-1.08240050052107	0.571460637001864	-1.89409458926134	0.0582124557983577	0.100941349562941	5456.16357385215	-0.275350220945741	0.571425335597428	-0.481865615317635	0.629901413732364	0.793200662370363	5456.16357385215	0.295926948865455	0.808158575872422	0.36617435946404	0.714234973697879	0.847922139970085
DMU89994	4936.51303748865	-0.986014653636885	0.180454186462232	-5.46407192300442	4.65334852901925e-08	2.82304551640274e-07	4936.51303748865	0.424961247151201	0.18022992868792	2.35788389999892	0.0183794401731202	0.0841973585289233	4936.51303748865	2.72419240283202e-05	0.255037814981884	0.000106815234557492	0.99991477377365	0.99991477377365
DMLINEJA	5572.67820644169	-1.04069410135729	0.271933966961356	-3.82701033264147	0.000129709072072242	0.000423319502728324	5572.67820644169	-0.648423611962407	0.271902662243097	-2.38476374822207	0.0170900925787728	0.0800815596141138	5572.67820644169	0.416236944418172	0.384598717479507	1.08226295486893	0.279135701812063	0.489772746049126
DMRER1DM	3012.39584306828	-2.3007031329812	0.524663535124404	-4.38510203007661	1.15931426504574e-05	4.6944854748415e-05	3012.39584306828	0.226715458273326	0.52432714113071	0.432393138727122	0.665455704041276	0.817625454154754	3012.39584306828	0.766628666671659	0.741802145278493	1.03346784793113	0.301385009431587	0.512283625452055
DMBLPP	3951.21480730337	-0.743391233416342	0.282641148183357	-2.63015926093707	0.00853448762277018	0.0186614282917515	3951.21480730337	-0.75071176538087	0.282653848208891	-2.65594036712378	0.00790875983599069	0.0465241826807337	3951.21480730337	0.334562673124725	0.399778177167082	0.83687077542729	0.402665209074246	0.611393455733103
DME487856	3746.58507452084	-1.26951652937693	0.368799726230222	-3.44229249396036	0.000576806204654524	0.00163851195292875	3746.58507452084	-0.66252599070314	0.368739833904688	-1.79673018693822	0.072378464202047	0.211094398896783	3746.58507452084	0.353376101928681	0.521599964801364	0.677484903710171	0.49809834511665	0.697728293824653
DMW1DOC	3659.98012720432	-0.634132923562901	0.19968044047692	-3.1757388057054	0.0014945545203195	0.00389469664611032	3659.98012720432	-0.235092533462537	0.199618541478942	-1.17770890279417	0.238912676448723	0.450832484300403	3659.98012720432	0.251857595976453	0.282350246793796	0.892004164460278	0.372390700253274	0.583951116888775
DMRER2DM	3205.85163264188	-2.1658716823939	0.655224380829743	-3.30554195747593	0.000947929103099081	0.00257879146236781	3205.85163264188	-0.249561797917456	0.655039857327348	-0.38098719509329	0.703212750125993	0.83908103084291	3205.85163264188	1.29507724328351	0.926521801003802	1.39778388579784	0.162177974784878	0.350532904445361
OPUS	4102.34367198932	-0.975832526410035	0.239480439307498	-4.07479011326284	4.60558658900561e-05	0.000163605999685425	4102.34367198932	-0.0997928523264994	0.239360897864227	-0.416913761675079	0.676741487276227	0.823993094323794	4102.34367198932	0.17107373470432	0.338626724250093	0.505198563649022	0.613419379062424	0.78249705829344
1360	3424.19476620781	-0.740942812493056	0.203983221883884	-3.63237135706599	0.000280828585463628	0.000853399776416857	3424.19476620781	-0.167557034652299	0.203880881659283	-0.821837895189766	0.411169162966285	0.623362499497105	3424.19476620781	0.284329430030167	0.288407883379038	0.985858731387344	0.324202440480583	0.534795021788798
AF222049	3551.96296868682	-0.769590001715392	0.460995523851152	-1.66940883782611	0.0950363833455748	0.154177563906052	3551.96296868682	-0.885117340179031	0.461014689132313	-1.91993305429146	0.0548663560726559	0.174531813750699	3551.96296868682	0.471538568277979	0.651997442921819	0.723221499404747	0.469543812227946	0.672322753180095
DMIS297	3117.47562259663	0.177822522297506	0.148391665800298	1.19833227384087	0.23078768701262	0.322485334208982	3117.47562259663	-0.172800124906646	0.148525094020568	-1.1634406027221	0.244650783996455	0.457592884076173	3117.47562259663	0.162032897120696	0.209775838681748	0.772409721438493	0.439871797903043	0.644599706185781
DMCR1A	2992.46069037051	-0.683876509649247	0.139878352670992	-4.88908038013427	1.0130812623047e-06	4.85516471622799e-06	2992.46069037051	-0.240741729095572	0.139758183997651	-1.72255908176096	0.0849682899283416	0.233368469170593	2992.46069037051	0.0275545453392903	0.197813189663035	0.139295794108715	0.889216413296805	0.944882592734723
RT1B	3214.78393065523	-0.196903233928902	0.25185393107971	-0.781815209652547	0.434323181129175	0.538607697333019	3214.78393065523	-0.512101504720831	0.25192283987464	-2.03277124446382	0.0420756395932642	0.145913696639056	3214.78393065523	-0.00866155610070876	0.356240681759593	-0.0243137758942252	0.980602324805307	0.990846246013693
DMRTMGD1	2234.23107666982	-0.903258955378475	0.133375263010403	-6.77231245878045	1.26740042687763e-11	1.44965022307792e-10	2234.23107666982	-0.635999497497339	0.133285639931262	-4.77170307187883	1.826746737264e-06	5.98761911806708e-05	2234.23107666982	0.135597182950708	0.188866795283972	0.717951415159187	0.472787244194384	0.67513073571398
BLOOD	2137.62757853579	-0.0954318071992434	0.266861191306206	-0.3576084133183	0.720636381241481	0.789999922405496	2137.62757853579	-1.36857015146883	0.267232358757956	-5.12127407709783	3.03478178215421e-07	1.3131691071229e-05	2137.62757853579	-0.112620384744746	0.37787885505084	-0.298033042175897	0.765677944904608	0.879342879779655
SPRINGER	2394.8621289104	-2.21847302440739	0.626711941528051	-3.53986078356558	0.000400338154856001	0.00117414377463909	2394.8621289104	-0.772482215862989	0.626531322609717	-1.23295067299323	0.217594168139822	0.425611985451469	2394.8621289104	0.699872883177468	0.886320087537106	0.789638972441959	0.429738641215903	0.634959472390352
DMTN1731	3177.80505596654	-0.804836596651804	0.12360190185826	-6.51152275613643	7.43927554496559e-11	7.35185168601145e-10	3177.80505596654	0.0548920359457562	0.123316338499353	0.445131899095789	0.656224437523339	0.811216160698519	3177.80505596654	0.102242504363371	0.174612552171395	0.585539258729879	0.558185177115306	0.742695528706809
F	2601.58794749007	-0.548411842131597	0.147305411219416	-3.72295788451873	0.00019690237658216	0.000617299338166485	2601.58794749007	-0.446000144968571	0.147299807267381	-3.02783929756937	0.00246309033259108	0.0197458213754994	2601.58794749007	-0.029552641447862	0.208443448355632	-0.14177774202546	0.887255565740737	0.943862902711017
DM14101	2243.13057764992	-0.265363350720425	0.21270749940227	-1.24755051639516	0.212195709577518	0.3010865201465	2243.13057764992	0.73491134450319	0.212430536392894	3.45953720675995	0.000541104514539269	0.00619059449400032	2243.13057764992	0.0411871020876522	0.300353096179017	0.137128941274851	0.89092887672312	0.945826496003549
DM23420	2180.19422252651	-0.627775378448343	0.15889142099781	-3.95097088631988	7.7834793501867e-05	0.00026581472356184	2180.19422252651	-0.288324230928527	0.158786189149851	-1.81580169202516	0.069400797657653	0.205998673162737	2180.19422252651	0.2291654326262	0.224660209284141	1.02005349926636	0.30770308866683	0.517912501419199
DME9736	2434.15372200834	-1.00938118346897	0.152748662422247	-6.60811798586301	3.89236431328602e-11	4.05649284746277e-10	2434.15372200834	-0.217325974011993	0.152463087178319	-1.42543338216555	0.154031964186405	0.344568005877489	2434.15372200834	0.246995479216745	0.215930405608831	1.14386613835288	0.2526791559267	0.462159370403141
412	1810.11464564381	0.0366887555923256	0.170272681604851	0.21547059250214	0.829400437368464	0.875935143425021	1810.11464564381	-0.148569114993188	0.170391015548033	-0.871930450765501	0.383246320431366	0.596159791135713	1810.11464564381	-0.111842432990866	0.240752189903165	-0.464554166821289	0.642250760909866	0.802151874314071
ROOA_LTR	1683.99250044522	-0.948455084562132	0.1082662031455	-8.76039850854926	1.94561307515708e-18	6.1792856123338e-17	1683.99250044522	-0.23016127827781	0.107742026489113	-2.13622562873428	0.0326610274319329	0.123816421307808	1683.99250044522	0.347300226975993	0.15287936181836	2.27172734661615	0.0231029834137411	0.101834606029468
DOC3	1808.32399786074	-0.454299450895588	0.116319470938494	-3.90561827035653	9.39847768088943e-05	0.000315429329997923	1808.32399786074	-0.310434725591919	0.116282127491977	-2.66966843733865	0.00759261806150217	0.0452897249337375	1808.32399786074	0.0345827272387356	0.164544821172628	0.210172079511721	0.833533370198932	0.917621748842528
DME010298	2026.36029553402	-0.990213749258766	0.123090725085043	-8.0445845824259	8.65384732049681e-16	1.89339382167544e-14	2026.36029553402	-0.287010262740987	0.122729115835904	-2.33856702043495	0.0193578533036287	0.0872116339525491	2026.36029553402	0.0204591272324641	0.174128194833188	0.117494626600038	0.906468101904286	0.953058694907355
PPI251	1580.53221268732	-0.480115552026306	0.24359820318746	-1.97093223900685	0.0487316269692552	0.0866246456003604	1580.53221268732	0.134940727098814	0.243401835376508	0.554394862676695	0.579308641175915	0.75936252169567	1580.53221268732	0.190647096294851	0.344239366243119	0.553821308630362	0.579701143682795	0.75820750201191
QUASIMODO	2258.39910951732	-0.890201732809383	0.0883608061541421	-10.0746221266526	7.15352336599962e-24	4.71181088309265e-22	2258.39910951732	-0.355039911854769	0.0880245107635454	-4.03342101847621	5.4970662325646e-05	0.000990000485922451	2258.39910951732	0.32349734186893	0.124898169342142	2.59008873847263	0.00959511943918606	0.0608238147973246
AY561850	1764.00772301575	-0.520463609730629	0.209960765229564	-2.4788612727791	0.013180255814445	0.0275622772122216	1764.00772301575	0.577069600060163	0.209561137832035	2.75370522430876	0.00589248139971531	0.0375574088799952	1764.00772301575	0.0946189052653176	0.296421901678312	0.319203489113303	0.749572211326802	0.869329951292985
STALKER2	1943.30994332922	-0.708773134390752	0.432435745606801	-1.63902531553258	0.101207987505145	0.162412658635731	1943.30994332922	-0.589142018444517	0.43243004478856	-1.36239844003574	0.17307217579048	0.370654899834855	1943.30994332922	0.173944135425197	0.61162152408749	0.284398322450658	0.776105144439202	0.884848257796881
GYPSY4	1357.85960926412	-0.606353366174956	0.148447769558903	-4.08462429564736	4.4148189707625e-05	0.000157557270354218	1357.85960926412	-0.231919039304844	0.148249390536474	-1.56438443669544	0.117727313406222	0.288940997017779	1357.85960926412	-0.0304187055360192	0.209948827695348	-0.144886284290947	0.884800655714501	0.942964091105066
INVADER2	1229.15158321664	-0.590267548578889	0.139406964564471	-4.23413242245808	2.29435725224737e-05	8.67340990098941e-05	1229.15158321664	-0.320183159264037	0.139256779056995	-2.29922852899672	0.0214919658148728	0.0933050211254296	1229.15158321664	0.0576423235425547	0.197210816922306	0.292287839187156	0.770066555977784	0.881860678106347
Tinker	891.315634708022	-0.54406854609724	0.232047120078608	-2.34464683687059	0.0190451096581394	0.0380873708104968	891.315634708022	0.284785805668861	0.231539514373626	1.22996632535608	0.218709715284612	0.426965913802344	891.315634708022	0.032995979544821	0.327608881213457	0.100717597833748	0.919774641358943	0.95878550828611
BAGGINS	1238.51540020886	-0.600079629598626	0.172608980116158	-3.4765261297228	0.000507954728923345	0.00146030158684886	1238.51540020886	-0.284517442000982	0.172460016448402	-1.64975887084011	0.0989922639897412	0.259629440522004	1238.51540020886	-0.0259280513731033	0.244166127177744	-0.106190206122361	0.915431441392434	0.957050659306911
DM06920	859.506859397432	-0.67575329117981	0.238064082654104	-2.83853525339078	0.00453211127471927	0.0106034750401175	859.506859397432	0.166197201959085	0.237532394267318	0.699682257957822	0.484125758916986	0.689428805832287	859.506859397432	0.113369928056033	0.336191943697101	0.337217860753308	0.735952674100691	0.862399279913814
DOC2	1023.16334860275	-0.928462057242548	0.253809362086237	-3.65810799732077	0.000254083986728401	0.000778582222725407	1023.16334860275	-0.677514600590789	0.253711972655954	-2.67040846948729	0.0075759023389747	0.0452311728443977	1023.16334860275	0.444108862019709	0.359102737370396	1.23671811936547	0.216191749449601	0.419671272995218
Beagle2	801.611560014453	-0.835863649187445	0.193123540559786	-4.32812927292353	1.50381199363757e-05	5.92287007236712e-05	801.611560014453	0.382467197076599	0.192049752608912	1.99150059753241	0.0464258795991605	0.15591437177884	801.611560014453	-0.00442175893503906	0.272259056212011	-0.0162409985421965	0.987042127663401	0.994498630440874
JUAN	818.188106851113	-1.25172798089577	0.251027586379333	-4.98641603080333	6.15096208838812e-07	3.06539374147736e-06	818.188106851113	-0.26532376828657	0.250306815772286	-1.05999418141273	0.2891472464398	0.50440426970534	818.188106851113	0.680508931155004	0.354617237546676	1.91899563558422	0.0549848861922074	0.174055005247041
ACCORD	731.59275949875	-0.749872874938532	0.251232957976052	-2.98477111036527	0.00283790591450461	0.00694212220688642	731.59275949875	-0.0399811176766095	0.250736961048042	-0.159454423909002	0.873310863276296	0.939446892715418	731.59275949875	0.231033260793505	0.354925726234248	0.650934107382864	0.515089023108698	0.709799627793953
DMDM11	949.438261903907	-0.469914852388538	0.2813431398207	-1.67025523596564	0.094868875691195	0.153961856641215	949.438261903907	-0.172666489623461	0.281236558258948	-0.613954639085287	0.539245302555729	0.728645281027328	949.438261903907	-0.161139738443965	0.397892930809648	-0.404982662335998	0.685490255204442	0.830415918218885
DMMDG3	784.043381123127	-0.773231194575031	0.153290374726167	-5.04422535306805	4.55362376289531e-07	2.31771995940895e-06	784.043381123127	-0.366883023434058	0.152907858450209	-2.39937323792632	0.0164231650558574	0.0779312765281747	784.043381123127	0.108331150958832	0.216917786192443	0.499411103443238	0.617489798599346	0.784972786731851
TABOR	902.097048717323	-0.281180241744826	0.122699906364245	-2.29160926097301	0.0219282006041206	0.0431179368055436	902.097048717323	-0.116430438467623	0.122603523782454	-0.949650017190492	0.342290114784556	0.55824924678944	902.097048717323	0.0984611137566367	0.173171399238884	0.568576070814169	0.569643867818393	0.751536218647769
TC1-2	692.155328086013	-0.471973544562804	0.0929482803453807	-5.07780824786673	3.81813743582952e-07	1.96885135574533e-06	692.155328086013	-0.191029362500863	0.0925349908503561	-2.06440137666181	0.0389796760660136	0.138913436504894	692.155328086013	0.0244891272610536	0.131236811547215	0.186602577221584	0.851972245912271	0.928251647517748
ROVER	743.805260868597	-0.397778082165323	0.200462955858535	-1.98429720075579	0.0472227180652201	0.0843686482162023	743.805260868597	-0.309450839988329	0.200461984681932	-1.54368839797394	0.122663838310837	0.296690607973576	743.805260868597	0.112500368502052	0.283497002673512	0.396830892182703	0.69149216850569	0.83407646949987
DMIS176	714.601001375463	-1.21093502022364	0.172065520306662	-7.03763902300391	1.95524420834418e-12	2.58080654588055e-11	714.601001375463	-0.51716336694922	0.171290201552972	-3.01922329625659	0.00253423671297492	0.0201984058017108	714.601001375463	0.355969190722051	0.243491525197081	1.46193667493737	0.143758563717814	0.324055133861173
ROXELEMENT	656.673474768904	-0.326120010688843	0.115169309341143	-2.83165725794919	0.00463074563262146	0.010817208220437	656.673474768904	-0.0356325919727611	0.114805837771959	-0.310372648850303	0.75627759090228	0.872014973805086	656.673474768904	-0.0495981505146497	0.162353500262835	-0.305494802602685	0.759989327823866	0.875927324141276
BS	615.248657854344	-0.244646216876525	0.407354579167902	-0.600573135513197	0.548124335481383	0.641541534464424	615.248657854344	-1.03200055060279	0.407874413628652	-2.53019193192729	0.0114000146845982	0.0600987505145827	615.248657854344	0.096601331093252	0.576719262892802	0.167501481758566	0.866975481725945	0.933917267252275
DMIFACA	640.831280923103	-0.966139577169593	0.190148319341933	-5.08097878810192	3.75495050904492e-07	1.93851132264246e-06	640.831280923103	-0.477890932072913	0.189655322313209	-2.51978655934419	0.0117426014992493	0.0615828993026631	640.831280923103	0.230780977533033	0.269122832490165	0.857530278637607	0.391151888467691	0.601305108397467
TAHRE	507.207491325051	-0.906417831527896	0.21843100782492	-4.14967563696095	3.32946735181029e-05	0.000122370280266782	507.207491325051	0.354475901385438	0.216796168608062	1.63506534115131	0.102035350787849	0.264204684011023	507.207491325051	0.270629387058864	0.307446511925473	0.880248682491044	0.378724606040167	0.589281541929115
GYPSY12	625.169349216922	-0.493168781162665	0.113974069896728	-4.32702615261109	1.51136022585878e-05	5.95064710835032e-05	625.169349216922	-0.0337438595361313	0.113276918134505	-0.297888220229155	0.765788478931811	0.878105015504196	625.169349216922	-0.26450042357872	0.161016610843506	-1.64269029259218	0.100447028274558	0.257106352054863
DMGYPF1A	413.978482466867	-0.66147622213702	0.196233565282643	-3.37086176457259	0.000749334482374928	0.0020791349582559	413.978482466867	-0.0334136548619348	0.195276263511037	-0.17110965900905	0.864137541091468	0.933869708312746	413.978482466867	0.166610786632763	0.27675358498042	0.602018530833308	0.547161802440901	0.735519819038347
GYPSY7	680.113174416504	-0.939349767597028	0.242917498851017	-3.86694977529444	0.000110205113379344	0.000365571350625496	680.113174416504	-0.608155249415813	0.242700678477309	-2.50578306262408	0.012218055746257	0.0632724402842931	680.113174416504	0.00527932270929665	0.344062829927833	0.015344065821943	0.987757687171695	0.994730410163017
CIRC	496.291225862397	-0.73771614643547	0.1278051704375	-5.77219328380954	7.82462866941244e-09	5.42088652532196e-08	496.291225862397	-0.51545561435626	0.127500524960698	-4.04277248674191	5.28228702551487e-05	0.000961889794326743	496.291225862397	0.121777749229922	0.18146841061345	0.671068583332247	0.502176839725764	0.700691729374852
INVADER4	598.714055097292	-0.80036577150655	0.221057015086073	-3.62063050202189	0.000293885970362784	0.000888435294985482	598.714055097292	0.121394309522303	0.220171886157464	0.551361536847097	0.581385862046448	0.760505840296417	598.714055097292	-0.183349135832483	0.312234364337322	-0.587216388630439	0.557058386943995	0.742598339063084
TRANSIB2	508.661767022389	-0.613834590512003	0.110631140677024	-5.54847926863586	2.88165045921527e-08	1.81662179585891e-07	508.661767022389	-0.251548883983114	0.109935864129214	-2.28814214520071	0.0221292445947151	0.0947702616570986	508.661767022389	0.172385612301371	0.156158157375764	1.10391679306614	0.26962923351662	0.479321656416802
IVK	540.986004515518	-0.533390167364168	0.187814027009122	-2.83999111173023	0.00451147908444671	0.0105622588772768	540.986004515518	-0.337795501927066	0.187668258656492	-1.79996076238639	0.0718668340762579	0.210041476053013	540.986004515518	-0.134132617034558	0.265969495515653	-0.504315792961542	0.614039481191278	0.78268106670934
TIRANT	458.974632544555	-0.519440767825698	0.235525517024752	-2.20545431504608	0.0274222302357794	0.0525605849315663	458.974632544555	-0.222676264605374	0.235256563551167	-0.946525194639015	0.343880778006552	0.559785722031399	458.974632544555	-0.00214889105529729	0.333046487180561	-0.00645222555412292	0.994851904567817	0.99794460503328
DMTNFB	480.520781412733	-0.922456662493833	0.177433313644195	-5.19889215586438	2.00479792430922e-07	1.09012415802922e-06	480.520781412733	-0.50654598490148	0.176856255223317	-2.86416776303366	0.00418106507045322	0.029096573322034	480.520781412733	0.270303278830828	0.251242441030152	1.07586631351981	0.281987049480499	0.493218474550347
DMPOGOR11	392.157693732789	-0.18777693488131	0.166641161661095	-1.12683404874001	0.259812651750995	0.355355458936432	392.157693732789	-0.345881228491792	0.167145352917252	-2.06934397190824	0.0385138201106225	0.138003469655745	392.157693732789	-0.184514368901434	0.236239730639743	-0.781047152406435	0.434774762491913	0.640131284840536
DM33463	447.21103990649	-0.646501303569567	0.144770590529505	-4.46569500894456	7.98092379760143e-06	3.30585291504736e-05	447.21103990649	-0.275801388352109	0.144145806688198	-1.91335006330566	0.0557032526676904	0.1762881916043	447.21103990649	0.153077826827657	0.20458916446748	0.748220597244725	0.45432710917159	0.659215850455964
DM88	536.64446328864	-0.209557926951933	0.15285687149553	-1.37094214281404	0.170392992680442	0.250778723734748	536.64446328864	-0.148566166753852	0.152901878430644	-0.97164382987774	0.331227769678977	0.547425600436287	536.64446328864	0.00571657814581598	0.215885383776679	0.0264796904997026	0.978874732552372	0.989958947499886
GYPSY6	366.737010764736	-0.78959339038277	0.194072679622375	-4.06854479424489	4.73076671760425e-05	0.000167740869215291	366.737010764736	-0.315450820898092	0.193296364539995	-1.6319542359154	0.102689127274121	0.264992706024777	366.737010764736	0.0315154324054513	0.274670701958407	0.114738966263041	0.908652027262479	0.954243563746355
DME278684	448.57362398779	-0.290006153439184	0.190264827605419	-1.52422366807918	0.127452847571243	0.19700768708346	448.57362398779	-0.200611522888997	0.190262184094838	-1.05439514343534	0.291702044841624	0.507289262990001	448.57362398779	-0.165018815391289	0.269155067356023	-0.613099418904908	0.539810604428973	0.729298416545518
DMTRDNA	444.435836632851	-0.611990043792359	0.230626572469985	-2.65359727302025	0.00796388128354272	0.0175370646644021	444.435836632851	-0.182350224003481	0.230149162934123	-0.792313218430762	0.428178066109465	0.639899991423823	444.435836632851	0.168601274960954	0.325850764461381	0.517418687783796	0.604863917069474	0.776909128905893
GYPSY2	291.740327338326	-0.72794514724548	0.202181226105818	-3.60045866407244	0.00031765632863629	0.00095275521987345	291.740327338326	-0.251503936930426	0.201248477114431	-1.24971846016713	0.211402411417451	0.418116912972424	291.740327338326	0.000905187462149685	0.286003057983672	0.00316495728588105	0.997474733661909	0.998972743374056
DIVER2	433.726335760784	-0.483058540994089	0.137849102543503	-3.50425597324177	0.000457885003260964	0.00132835330410118	433.726335760784	-0.201044450148048	0.137408300106802	-1.46311722066123	0.143435306526159	0.328715312683878	433.726335760784	-0.120978107511134	0.195038084825732	-0.620279406554004	0.535073850560434	0.725314250462245
TC1	415.659666299229	-0.530995193643383	0.109052597523811	-4.86916594102622	1.12070267873305e-06	5.33840951811172e-06	415.659666299229	-0.0664241166769453	0.107903992614799	-0.61558534644839	0.538168225015367	0.727737057555018	415.659666299229	-0.0141278055116073	0.153464827509528	-0.0920589150027234	0.926651230863552	0.962285528091602
McCLINTOCK	587.957315569369	-0.487783237908134	0.0908823551921751	-5.36719407058381	7.99709940913609e-08	4.66735993887205e-07	587.957315569369	-0.110025155518229	0.0901345660325252	-1.22067659901449	0.222208491317872	0.431483342664191	587.957315569369	0.0183371662368426	0.127976762226315	0.143285123938477	0.886065003980131	0.943436816980497
GTWIN	313.619700926295	-0.638611056974352	0.329903080292652	-1.93575354436779	0.0528978930950319	0.0929798512651073	313.619700926295	-0.0280839432403382	0.329173637785352	-0.085316501738366	0.932009772874544	0.968494638297291	313.619700926295	0.198441922847581	0.465907954831234	0.425925165668105	0.670162376682428	0.819515189969966
INVADER	429.050081681643	-0.499293517468587	0.158066243149179	-3.15876120999072	0.00158441252148072	0.00411043457988333	429.050081681643	-0.227912822241035	0.15769595836305	-1.44526736516818	0.148382800820575	0.336524286725231	429.050081681643	-0.090575824394737	0.223650235092903	-0.404988728749211	0.685485796004044	0.830415918218885
G4_DM	352.768892753594	-0.638229927907928	0.144293226293806	-4.42314545388556	9.72742039740934e-06	3.97753327626178e-05	352.768892753594	-0.270262473863514	0.143514476085324	-1.88317221534387	0.0596770331169542	0.185805172452241	352.768892753594	0.0871435419254136	0.204003962935811	0.427165926932669	0.669258476951968	0.818962674657142
DMHFL1	374.023948435125	-0.439026200895927	0.210828360156792	-2.08238683149376	0.0373071502957703	0.0688806830440134	374.023948435125	-0.238093446148758	0.210627044511255	-1.13040301496532	0.25830644428645	0.472732522479013	374.023948435125	0.110350947706351	0.297977275976898	0.370333433462579	0.711134065575761	0.846036400803323
STALKER4	416.507081943899	-0.902537202015219	0.150241669859915	-6.00723622718481	1.88712467444665e-09	1.4602282420154e-08	416.507081943899	-0.214771771374452	0.148816697130014	-1.44319673475092	0.148965059097199	0.337330018493699	416.507081943899	0.230436102382537	0.211978431364957	1.08707334467346	0.277004396869443	0.487610288507274
GYPSY10	382.094278925598	-0.433555873069632	0.12062404696946	-3.59427397738862	0.00032529739432738	0.000973707512771747	382.094278925598	-0.210866413556831	0.120221141019621	-1.7539877909029	0.0794325991922872	0.223720828080815	382.094278925598	0.0763591749764502	0.170249460080512	0.448513463363345	0.653782671847414	0.809279552838718
G5_DM	361.298173352767	-0.612544666244007	0.232364682717952	-2.63613497145572	0.00838563690749046	0.0183900854666319	361.298173352767	-0.811990979591952	0.232872509570273	-3.48684772234535	0.000488749560279327	0.0057249946788568	361.298173352767	0.236004685245972	0.329746242155293	0.71571607216323	0.474166684608834	0.676424607264999
TARTC	361.366597003521	-0.26100738809742	0.347768353487201	-0.750520815020122	0.452941092226622	0.556306970169239	361.366597003521	-0.784042701030427	0.348469468984268	-2.24996096018336	0.0244514236393109	0.101482309381135	361.366597003521	0.106908759781936	0.492615519414628	0.217022719684056	0.82819063911982	0.91429102340973
INVADER6	333.248409245072	-0.699567517425155	0.171812832526829	-4.07168374525177	4.66745223549965e-05	0.000165671632176442	333.248409245072	0.099942261319333	0.170072777094571	0.587644084060314	0.556771214515672	0.743370468952652	333.248409245072	-0.112453958922797	0.241991592200323	-0.464701925799582	0.642144929065863	0.802119845834893
DMBARI1	279.583219146002	-1.78322102347622	0.301863135316046	-5.90738256796152	3.47585930272245e-09	2.56347020059029e-08	279.583219146002	0.140285467203439	0.297988620464814	0.470774578521207	0.63780172021273	0.798938801827729	279.583219146002	0.177551887701146	0.425472111216784	0.417305583657117	0.676454904902631	0.824187382916081
DMTHB1	322.603515543272	-0.406430918516308	0.108360045061848	-3.75074519657437	0.000176309797837535	0.000559695704388814	322.603515543272	-0.160445863455376	0.10774628636238	-1.48910805998225	0.136458915718767	0.318687717133729	322.603515543272	0.02692092454035	0.152657260085827	0.176348799429615	0.860019926312205	0.931742588855301
QBERT	307.09186540406	-0.745751693185801	0.162626736784474	-4.58566474327116	4.52544273546244e-06	1.93631023410779e-05	307.09186540406	-0.377939497084103	0.161833107554998	-2.33536575299132	0.0195243219018878	0.0875865399046248	307.09186540406	-0.0144382282503162	0.230670086270367	-0.0625925471471548	0.950090964296679	0.974783484876202
INVADER3	319.537055815692	-0.374022203299698	0.126361814108065	-2.95993062413487	0.00307708326801672	0.00747387472782044	319.537055815692	-0.15554230400793	0.125920758114492	-1.23523957715141	0.216741353840193	0.424197027944286	319.537055815692	0.0592785377143006	0.178069240425229	0.33289599917843	0.739212789563674	0.864356096464213
G5A	312.190120887616	-0.0698263266295506	0.120797665731276	-0.57804367499025	0.563234632817256	0.655262436681352	312.190120887616	-0.219192790233308	0.121648802222264	-1.80184914466171	0.0715691432484407	0.209451570788015	312.190120887616	-0.101284202036231	0.170852065138085	-0.592818131606262	0.553302872018594	0.739634989817185
TRANSIB3	283.666200368831	-0.864053658936863	0.15593518819124	-5.54110761630775	3.00564424584557e-08	1.89033251228603e-07	283.666200368831	-0.363131662111674	0.154563969441262	-2.34939399799558	0.0188039974253559	0.085610219095715	283.666200368831	0.177454652526635	0.220695366058228	0.804070586963821	0.421356210259239	0.627802430272743
GYPSY3	213.342186244308	-0.917704246079134	0.172954516685145	-5.30604382971836	1.12030030920698e-07	6.36614340603764e-07	213.342186244308	-0.251405622941303	0.170731018015099	-1.47252459373884	0.14087927071142	0.325130807656649	213.342186244308	-0.196561953829906	0.245564916034575	-0.800448032251602	0.42345126137311	0.629724870937084
STALKER	242.464853966653	-0.915624533435129	0.1793521235424	-5.1051781007693	3.30483107991106e-07	1.72478127905897e-06	242.464853966653	-0.145249056365048	0.177012598466348	-0.8205577321812	0.411898231982347	0.62381861147286	242.464853966653	0.225416631072437	0.252601317725712	0.892381057636467	0.372188720671178	0.583786927385635
DOC5	183.875208424231	-1.5387266825929	0.191718349658556	-8.02597500621786	1.00722729250151e-15	2.18630456623989e-14	183.875208424231	-0.545501747212659	0.187490365325681	-2.90949215585075	0.00362016471317472	0.0263250025260309	183.875208424231	0.161819827569066	0.272883660817541	0.592999328300801	0.553181601781856	0.739634989817185
JOCKEY2	184.127329015861	-0.269074869324823	0.131898400477467	-2.04001616661598	0.0413487155609034	0.0752516232155764	184.127329015861	-0.00822592876254794	0.130962855412964	-0.0628111592146427	0.949916879648987	0.977342646009275	184.127329015861	-0.13395326145343	0.185057950940849	-0.723844940314108	0.469160935733767	0.671966901509861
FB	184.672335002908	-0.648372942757609	0.46630297277838	-1.39045423385229	0.164390987516699	0.24363465906515	184.672335002908	-0.634936568214016	0.466424583670024	-1.36128452582424	0.17342379119846	0.371104835384855	184.672335002908	-0.0578959340109339	0.660547344761544	-0.0876484244014851	0.930156113141808	0.96368219572838
DMAURA	189.099696277553	-0.456185980623379	0.252957323108534	-1.80341084819137	0.0713237151725119	0.120064131382558	189.099696277553	-0.075621412813995	0.25213389319256	-0.299925614349045	0.764233895816977	0.877000768167255	189.099696277553	-0.197686564095378	0.357479851215185	-0.553000577300733	0.580263014859218	0.758621392617225
FW2	205.392833394888	-0.392240947450666	0.143128112467476	-2.7404885084319	0.00613479272316547	0.0139338055888306	205.392833394888	-0.15655812282459	0.142451331511341	-1.09902884840445	0.271755482895853	0.487079444463094	205.392833394888	-0.0359817972905014	0.201916832544023	-0.178201078320979	0.858565062900513	0.930768691753697
MARINER2	159.829384728115	-0.31851649184587	0.131867666153308	-2.41542526031792	0.0157168476738804	0.0322365347825517	159.829384728115	-0.0754917563741191	0.130890845236413	-0.576753524952546	0.56410596895879	0.748582323787317	159.829384728115	-0.0260429965542024	0.184929798998454	-0.140826393016413	0.88800709223227	0.94431947049545
G2	107.529898497117	-1.0666293120309	0.212338474115476	-5.02325033875316	5.08042535354628e-07	2.56677158735172e-06	107.529898497117	-0.865242692160731	0.211587448269319	-4.08929120908631	4.32693350445733e-05	0.000812756807692551	107.529898497117	0.171185531354446	0.305784515981199	0.559824066974573	0.575599446043904	0.755671763886263
DOC4	162.365820886794	-0.313935755059328	0.275763889226967	-1.13842227834604	0.25494419574303	0.349698280804272	162.365820886794	-0.0592422958658983	0.275276035313048	-0.215210509692669	0.829603197354851	0.914488609426555	162.365820886794	-0.334033477525838	0.389941711253037	-0.856624125827565	0.391652647959378	0.601797455842958
HEL	145.306402946146	-0.661035353738795	0.202698940874668	-3.26116826701885	0.00110954176018185	0.00297367866814823	145.306402946146	-0.172572662769263	0.200794503089969	-0.859449138863826	0.390092769187959	0.602628289952084	145.306402946146	-0.0131655940170218	0.286285460070684	-0.0459876446878274	0.963320097602261	0.982172147213884
FROGGER	125.767513606419	0.0620571371317997	0.141510535540681	0.438533688638042	0.66099945459001	0.740033802840411	125.767513606419	-0.0363205700995136	0.142895810831279	-0.254175191618447	0.799360215582188	0.897423502376262	125.767513606419	-0.287014409390641	0.199033897911418	-1.44203782572946	0.149291703047942	0.331810934732415
BS3	111.393048184685	-0.883884663301255	0.178874779623127	-4.94135990083969	7.75795521438943e-07	3.80946085830338e-06	111.393048184685	-0.192927258035987	0.174407176800363	-1.10618875653737	0.268644828337914	0.483904088665867	111.393048184685	0.167312227544888	0.251602453228584	0.664986471307901	0.506059146138544	0.703657164140096
TC3	120.67173730659	-0.600878494555249	0.135025561247215	-4.4501092163958	8.58266313699279e-06	3.54032963279785e-05	120.67173730659	-0.262653666340632	0.132917732030723	-1.97606190180797	0.0481477667037266	0.159639975088044	120.67173730659	0.00292942579279307	0.191342724765587	0.0153098362970523	0.987784995173404	0.994730410163017
G6_DM	90.1918606825879	-1.72915816479372	0.723575898630267	-2.38973985737644	NA	NA	90.1918606825879	0.901142207392049	0.716048155874396	1.25849385966455	NA	NA	90.1918606825879	0.0188210726536511	1.01842438593498	0.0184805793278135	NA	NA
HOPPER2	104.758470951855	-0.860636308940929	0.22557838418502	-3.81524281260492	0.000136049089100241	0.000441746568809937	104.758470951855	0.0955675802109518	0.220163242599678	0.434076002344869	0.664233251241946	0.816880419944954	104.758470951855	0.0920905791825974	0.315599354339773	0.29179584151954	0.770442724934615	0.881979695298804
TRANSIB4	84.6973878101718	-0.3905044807831	0.143170223687668	-2.72755375192402	0.00638058610799649	0.0144257232693659	84.6973878101718	-0.272947884267324	0.142921286905558	-1.90977768376581	0.0561618437972733	0.177250492727645	84.6973878101718	0.0125155070103146	0.202904884908861	0.06168164465797	0.950816357573076	0.975003058855723
RT1C	68.0756404224255	-0.316118826934844	0.174571262212453	-1.81082970317376	0.0701672168778927	0.118340799303015	68.0756404224255	-0.299029578209693	0.175449529512498	-1.7043623829632	0.0883134070552563	0.239825410087296	68.0756404224255	-0.0891965203163592	0.248613370858637	-0.358776038506299	0.71976263938467	0.851239735370637
DMTOM1_LTR	59.4910628411509	-0.593330622973991	0.147689228915704	-4.01742650652367	5.8837176653437e-05	0.000205407803925093	59.4910628411509	-0.401123715751227	0.146128733228394	-2.74500234751427	0.00605104648505813	0.0382873138599385	59.4910628411509	0.351143835607485	0.208507595917049	1.68408174322426	0.0921658721372157	NA
GYPSY8	75.7230226414784	-0.514325507526518	0.166111153608269	-3.0962731662163	0.00195969735485279	0.00496767047707316	75.7230226414784	-0.0996914227733784	0.162549754319506	-0.613297898792427	0.539679382484609	0.729156675984719	75.7230226414784	-0.00657730595093386	0.232728336523828	-0.0282617323235172	0.977453401581371	0.989524527109316
GYPSY5	75.2212931778273	-1.38324969053479	0.250833352084551	-5.51461629420206	3.4954171466645e-08	2.17560323322242e-07	75.2212931778273	-0.112128869217591	0.240311643773067	-0.466597737242716	0.640787706207151	0.80060169835071	75.2212931778273	0.488616818659997	0.349793494475122	1.3968722299801	0.162451996774063	0.350973504045561
INE1	70.103112214889	-0.524687435577706	0.150142603540693	-3.49459396070417	0.000474783456341032	0.00137192673439261	70.103112214889	-0.154494342013105	0.146401258110999	-1.0552801526881	0.291297215532545	0.506861020948533	70.103112214889	0.195876085731303	0.208706345758333	0.938524820697661	0.347974767569229	0.559432915460462
DMZAM	71.7165350450491	-1.55950980615582	0.181831613090883	-8.57667035806559	9.76589859307039e-18	2.78421812554252e-16	71.7165350450491	-0.88805474128748	0.174202297689658	-5.09783598187409	3.43558288909293e-07	1.46246517074342e-05	71.7165350450491	0.365420480347317	0.265786708395899	1.37486363615674	0.169173724802723	0.360282045816828
LOOPER1_DM	61.6156796659417	-0.769544389077863	0.236622316880504	-3.25220545222913	0.00114513215369811	0.0030610879702314	61.6156796659417	-0.506769147936183	0.234912829598978	-2.15726467047923	0.0309850480974288	0.119098494753852	61.6156796659417	0.0960909418239896	0.33795746204358	0.284328510585154	0.776158639073698	NA
S2	60.9300038778606	-0.357416345842552	0.172428666086983	-2.07283599620408	0.038187545192809	0.0702442793744738	60.9300038778606	-0.265495779287034	0.172473680001007	-1.53934083905141	0.123721108816057	0.298519414673586	60.9300038778606	0.0637675065170364	0.243633342928672	0.261735547977542	0.79352533228923	NA
GYPSY11	71.9136314182692	-0.805860053351505	0.174053183858556	-4.62996444814468	3.65728520377543e-06	1.59184767121358e-05	71.9136314182692	-0.706933410526207	0.173996187707115	-4.0629247102596	4.84616640218247e-05	0.000891137274880987	71.9136314182692	0.456003937211173	0.249991453959305	1.8240781034275	0.0681402653478587	0.200531648801009
G3	57.5264511287937	-0.483338814679582	0.190832613386735	-2.53278937023235	0.0113158926379609	0.0240242617437559	57.5264511287937	-0.356165167621368	0.19041666859577	-1.87045162720214	0.0614211283923055	0.189576801885984	57.5264511287937	-0.0531716713225292	0.272698594413519	-0.194983298087338	0.845406022869859	NA
TRANSIB1	61.3598914506754	-0.778808345249885	0.232109420003947	-3.35535001223406	0.000792646261593384	0.00218886269387962	61.3598914506754	-0.20934542590747	0.227317217120387	-0.920939595158785	0.357081964772238	0.573316389925155	61.3598914506754	-0.0495296651724352	0.328497943714464	-0.150776180247531	0.880152276838647	NA
DMREPG	25.6536467055499	-1.52994811377863	0.591997673695499	-2.584381969321	0.00975536883172169	0.0210487391720108	25.6536467055499	0.468560762556778	0.570776263719516	0.820918444476578	0.41169272421806	0.623770648654554	25.6536467055499	-0.20108861572677	0.828282388590005	-0.242777847865491	0.808177497083917	NA
GYPSY9	47.3544264486682	-0.355722664035422	0.215340718026291	-1.65190618521106	0.0985536770003723	0.15888410491512	47.3544264486682	-0.167693602023433	0.214034010003125	-0.783490446312641	0.433339161739944	0.644016067736614	47.3544264486682	0.214205951552622	0.300768609514054	0.712195171892139	0.476343926296449	NA
R1-2	51.111958158964	-0.342816825375044	0.205337999881643	-1.66952451846538	0.0950134754316251	0.154159104477158	51.111958158964	-0.101369680860376	0.203491548975953	-0.498151797312997	0.618377054363424	0.785310108461726	51.111958158964	-0.373033118710114	0.291699623025027	-1.27882619401983	0.200958267626241	NA
FW3	37.3823625197672	-0.474184520141367	0.193410962273747	-2.45169412615932	0.0142185468372329	0.0294953280970533	37.3823625197672	-0.203092619796992	0.19007523568052	-1.06848542930838	0.285301599522535	0.501066237105307	37.3823625197672	-0.000105273350603867	0.272651828386651	-0.000386109094616368	0.999691929522275	NA
AF541951	39.0826268571605	-0.384618073222106	0.23437678868071	-1.64102458859981	0.100792311162835	0.161885164271263	39.0826268571605	-0.569417720579585	0.238543789365354	-2.38705741237079	0.016983838742829	0.0797832711419676	39.0826268571605	-0.0893222299996771	0.339986864707813	-0.262722590993159	0.79276440318836	NA
OSV	35.5975869129391	0.0768660263360069	0.219018625897176	0.350956572853734	0.725620928460708	0.793772186406621	35.5975869129391	-0.134555198720777	0.224224433897483	-0.600091597431778	0.548445192142012	0.736522064342304	35.5975869129391	-0.114381061900081	0.307650179911438	-0.371789354821788	0.710049690093524	NA
INVADER5	19.9948157048751	-0.412059665592364	0.303177258997044	-1.35913777621553	0.174102934253465	0.254975940186537	19.9948157048751	-0.0997356748947575	0.298334747118681	-0.334307940519853	0.738147199142423	0.859641848281783	19.9948157048751	-0.184168955378758	0.427461404819482	-0.430843471018238	0.666582188755988	NA
Q	19.5519847119	-0.712333930504057	0.267033664233094	-2.66758100537564	0.00763994694106063	0.0169072708621188	19.5519847119	-0.295915318110919	0.258221804506579	-1.14597339553244	0.251806160310365	0.46597467435839	19.5519847119	0.0846155146796855	0.378702989342604	0.223435032362884	0.823196941524198	NA
STALKER3	7.86733627118541	-1.96884963876256	0.42660151907208	-4.61519603363132	3.9272444484603e-06	1.69994125996642e-05	7.86733627118541	-0.64895767236369	0.354363609003629	-1.83133272117974	0.0670508965541185	0.201161023830943	7.86733627118541	0.348808263383706	0.622377859925857	0.560444523886597	0.575176269445014	NA
BS4	7.44083091752356	0.32233786590314	0.394112435565778	0.817883012091207	0.413423991416751	0.517495992251768	7.44083091752356	-0.160768826980061	0.419070303942811	-0.38363211486825	0.701251133786598	0.837426324353409	7.44083091752356	-0.341571618237756	0.559976124501572	-0.609975324469029	0.541878153485228	NA
