Age_young_vs_old.baseMean	Age_young_vs_old.log2FoldChange	Age_young_vs_old.lfcSE	Age_young_vs_old.stat	Age_young_vs_old.pvalue	Age_young_vs_old.padj	Regime_Sel_vs_Cont.baseMean	Regime_Sel_vs_Cont.log2FoldChange	Regime_Sel_vs_Cont.lfcSE	Regime_Sel_vs_Cont.stat	Regime_Sel_vs_Cont.pvalue	Regime_Sel_vs_Cont.padj	Ageyoung.RegimeSel.baseMean	Ageyoung.RegimeSel.log2FoldChange	Ageyoung.RegimeSel.lfcSE	Ageyoung.RegimeSel.stat	Ageyoung.RegimeSel.pvalue	Ageyoung.RegimeSel.padj
DMCOPIA	448090.882587792	-1.96939017730199	0.232651971687	-8.46496233417496	2.56235487308787e-17	6.269228256155e-15	448090.882587792	-2.64570386028925	0.232653646885828	-11.3718563869647	5.77461913318672e-30	6.48374236274205e-26	448090.882587792	0.71295580244404	0.329027797906325	2.16685583096848	0.0302458487493551	0.138161265157754
DM_ROO	8371.77573763289	0.0972978425702861	0.153416808484083	0.634205883512307	0.525946468408302	0.669998408177361	8371.77573763289	0.00145282004115015	0.153424987987238	0.00946925308718938	0.992444742068808	0.996566263016435	8371.77573763289	-0.211601634337294	0.21697050020647	-0.975255318745787	0.329433628064857	0.552649152235502
Beagle	3440.78385167856	-1.49498651567583	0.894453315477798	-1.67139691899654	0.0946433040856793	0.200485382969376	3440.78385167856	0.153544709312707	0.894358720918621	0.171681346333826	0.863688051529648	0.935058281995457	3440.78385167856	0.0755787475139449	1.26492498136743	0.0597495888113789	0.952355076094104	0.979216373112143
DMU89994	2687.25718667426	-0.586501868462017	0.230686343037306	-2.54242128398199	0.0110087394862872	0.0410107400137229	2687.25718667426	0.475035593446339	0.230431041096081	2.06150868904969	0.0392545353761469	0.149463338705066	2687.25718667426	-0.274661406368279	0.326110148235512	-0.842235078713105	0.399656382261438	0.615064123682939
DMLINEJA	1904.28172022403	-0.755838007958621	0.237207545236122	-3.18639951864197	0.00144055517633452	0.00854438383377403	1904.28172022403	-0.533073273964086	0.237125657811111	-2.2480623939427	0.024572211617852	0.108749228240143	1904.28172022403	0.0418856019068621	0.335681840301363	0.124777681954015	0.900699556506075	0.955504026875492
DMRER1DM	4276.69953958309	-1.39320438500641	0.377817148736776	-3.68750965821577	0.000226459500825432	0.00193561890661854	4276.69953958309	-1.49624533857631	0.377826717661727	-3.96013640283617	7.49069647391681e-05	0.00152365108712206	4276.69953958309	0.347400292906382	0.534521119040925	0.649928095506707	0.515738669024848	0.70903805262777
DMBLPP	1926.62788464019	-0.626978177418854	0.422938117515432	-1.48243478526377	0.13822464400055	0.264468918074691	1926.62788464019	-1.15781927386973	0.42304068560691	-2.73689815959114	0.00620214900680587	0.0408923528917732	1926.62788464019	0.241926031698715	0.598393841675443	0.404292315277421	0.685997775822426	0.830087620102834
DME487856	2020.99729648108	-0.262851795867202	0.254372292643686	-1.03333501119713	0.301447148207216	0.456443048713608	2020.99729648108	-0.0835918210479312	0.254318581663417	-0.328689396194269	0.742390470025625	0.866776406652574	2020.99729648108	-0.312875279841012	0.359818089593064	-0.869537382611467	0.384553270331458	0.603714222494633
DMW1DOC	1862.53885067523	0.274834988327503	0.233584916859954	1.17659561251671	0.23935694981911	0.387404633224315	1862.53885067523	0.353241509398759	0.233555685083651	1.51245091410317	0.130419190916382	0.326333703242982	1862.53885067523	-0.671147221439846	0.330301512699759	-2.03192294202392	0.0421614575791763	0.168226313325868
DMRER2DM	2278.95276734079	-1.99348869637354	0.40004718612169	-4.98313390402686	6.25626234796486e-07	1.58348157358835e-05	2278.95276734079	-0.580482003243262	0.399707502758471	-1.45226696831364	0.14642738827298	0.352053800245776	2278.95276734079	1.39743922963121	0.565621684242356	2.47062527580262	0.0134877068050908	0.0858990198568122
OPUS	1193.26534411159	-0.439839806114836	0.217749587319076	-2.0199340514493	0.0433902286463839	0.113339600805857	1193.26534411159	0.495966373342432	0.217228417835437	2.28315603586523	0.0224211787650931	0.101674069133467	1193.26534411159	-0.392847669954891	0.307677452819405	-1.27681656993396	0.201667014166337	0.414832908069114
1360	1655.92553546951	0.230008436306199	0.182192926016941	1.26244438428313	0.206788926780221	0.349687294225233	1655.92553546951	0.248165603830213	0.182175799143521	1.36223145443541	0.173124852068602	0.390722640064124	1655.92553546951	-0.371596368813732	0.257570155024023	-1.4426996356743	0.149105101923984	0.349313732652286
AF222049	1318.18400987198	0.139416923964594	0.385560810413564	0.361595162680179	0.717654580032825	0.818901611728089	1318.18400987198	-0.81640180209511	0.385852473853106	-2.11583923239511	0.0343584831358446	0.13675187828758	1318.18400987198	0.271687124651313	0.545531326673959	0.498022957375807	0.618467861144662	0.784473242762344
DMIS297	1520.10169672946	1.09690085708887	0.111297378972426	9.85558570396007	6.48375520860926e-23	3.62596291285272e-20	1520.10169672946	-0.00173075863699738	0.112211821991169	-0.015424031142936	0.987693891626351	0.994758688631285	1520.10169672946	-0.434423654731143	0.157511873322238	-2.75803750897177	0.00581495251076107	0.0526534570893753
DMCR1A	1599.00541469242	0.388888926862043	0.14772621334183	2.63249776776025	0.0084759579989078	0.03334728667979	1599.00541469242	0.138643569013227	0.147851034504947	0.937724713779994	0.348385899832234	0.588586717113083	1599.00541469242	-0.744732263035346	0.209060517151728	-3.56228078444313	0.000367646865213039	0.0108423753620246
RT1B	1279.72206832176	0.290258442359152	0.196174455700397	1.47959346349579	0.138981771952837	0.265441849050921	1279.72206832176	-0.17328487102405	0.19641398987932	-0.882243017060647	0.377645403983018	0.618210677250631	1279.72206832176	-0.433733526362874	0.277696333037252	-1.56189864525395	0.118311867694097	0.307714998950504
DMRTMGD1	1973.9109609735	-1.52205041419236	0.270199857723525	-5.63305409194462	1.77045896670281e-08	7.42581075177066e-07	1973.9109609735	-1.69045335228956	0.270257173994727	-6.25498049617933	3.97565592594868e-10	8.42238957293431e-08	1973.9109609735	1.05567859527586	0.382587321821462	2.75931410965181	0.00579228304062566	0.0526179239321561
BLOOD	2000.95192687588	0.246045399168607	0.300874465710097	0.817767631387105	0.413489884050103	0.567093915483406	2000.95192687588	-1.69479176128861	0.301446000198648	-5.62220683031711	1.88533345321004e-08	2.06634046676055e-06	2000.95192687588	-0.237737511497661	0.426261474791257	-0.557726948263581	0.577030853002353	0.755044247242525
SPRINGER	1705.92237456363	-1.86097305207644	0.673541557171874	-2.7629669353892	0.00572785685502789	0.0247855382849844	1705.92237456363	-0.461542230575219	0.673310279575694	-0.685482227994608	0.493039671508691	0.706914753122154	1705.92237456363	0.223858570369627	0.952590812493227	0.234999715967992	0.814208953673425	0.905321660907627
DMTN1731	689.661817734986	-0.0182533327742046	0.218396564278641	-0.0835788458233992	0.933391286664636	0.960040924031309	689.661817734986	0.631026442738398	0.217776882836552	2.89758230772365	0.00376051049459896	0.0285097986720845	689.661817734986	-0.336984769398387	0.308139313053889	-1.09361173703744	0.274125299375473	0.496112002157933
F	1245.71685806099	0.51571366024348	0.15444150420843	3.3392167661582	0.000840149774369819	0.00557746764017752	1245.71685806099	0.157485652670936	0.154659487457522	1.01827346811938	0.308548013518656	0.54876874636266	1245.71685806099	-0.996065091299014	0.21870840234274	-4.55430646755889	5.2558686107895e-06	0.000815772673869464
DM14101	1029.53907506907	0.0293077208894395	0.257120068614234	0.113984571672664	0.909250023748301	0.943697555219236	1029.53907506907	1.18979310950559	0.256456889561345	4.63934937189897	3.49507767262429e-06	0.000136734258216814	1029.53907506907	-0.349724086748148	0.362715758398942	-0.964182224372768	0.334954574659623	0.557847268151926
DM23420	1122.54293537306	-0.0375506450187857	0.172249169621663	-0.218001892846647	0.827427636617007	0.891915554166288	1122.54293537306	-0.0744624022936447	0.172261173642671	-0.432264570820266	0.665549133971897	0.825266225978627	1122.54293537306	-0.3492875863302	0.243808444926577	-1.43263120535217	0.15196325900815	0.353040238390961
DME9736	771.28807806842	-0.0628597162478875	0.211584202192109	-0.297090782755197	0.766397201158886	0.851359130761441	771.28807806842	0.172637761839455	0.211375705391692	0.816734172546211	0.41408035808752	0.648075586925937	771.28807806842	-0.513575550782391	0.299285602517874	-1.71600486779754	0.0861611514848299	0.258510816857794
412	1311.18401806268	0.600241927462692	0.127647330558449	4.70234610341378	2.57189057957664e-06	5.23471108605686e-05	1311.18401806268	-0.0832681771963013	0.128206926277961	-0.649482673157383	0.516026442328771	0.72449538070194	1311.18401806268	-0.251201823504635	0.180673872638858	-1.39036054209538	0.164419421997106	0.368836493189316
ROOA_LTR	1396.17593656695	-0.134691161527024	0.0550175444102243	-2.44814927621512	0.0143592150764545	0.0499670054644827	1396.17593656695	-0.174475153259502	0.0550600814416969	-3.16881393363455	0.00153062349003631	0.0143454428598728	1396.17593656695	0.0189499875211007	0.0780831558614225	0.242689826148063	0.808245689432127	0.902446800140964
DOC3	1046.50010069421	0.303824729473858	0.113098659958986	2.6863689594911	0.00722332757581237	0.0295577557666692	1046.50010069421	0.059367132566698	0.113342609301457	0.523784770198818	0.600428247354244	0.78374375830583	1046.50010069421	-0.740226988160031	0.16038983353944	-4.6151739909251	3.92766130186826e-06	0.000678458170728874
DME010298	791.858036657837	0.23116338308047	0.23054883684691	1.0026655794146	0.316022242774333	0.472604764948652	791.858036657837	0.00308207955996541	0.230694525797188	0.0133600030140073	0.989340576963289	0.994833960070196	791.858036657837	-0.799369428262518	0.326452384613662	-2.44865550364574	0.0143390519078216	0.0887505568138894
PPI251	1113.5108834654	-0.244993292250933	0.251090049111732	-0.975718843170541	0.329203811785499	0.486188325655043	1113.5108834654	0.142659964081277	0.250872953121413	0.568654222411274	0.569590819798039	0.763625758172224	1113.5108834654	0.147617946982751	0.354887010510461	0.415957593856198	0.67744103409205	0.824151711515055
QUASIMODO	519.334883795633	0.298133807958084	0.125797646827157	2.36994741537346	0.0177906153250972	0.0587385398869671	519.334883795633	-0.263726711111228	0.126938470881821	-2.07759483219832	0.0377466925668823	0.145108459704362	519.334883795633	-0.364093677268087	0.179092648445198	-2.03299063601429	0.0420534690565985	0.168096879329504
AY561850	906.713659145259	-0.0194224359148626	0.313928594448815	-0.0618689608347524	0.950667185793357	0.970646624271263	906.713659145259	0.882060873890955	0.313466529015485	2.81389173083733	0.0048945710362317	0.0345419507195534	906.713659145259	-0.350303470778142	0.443387662623236	-0.790061384896513	0.429491919952945	0.641378920774629
STALKER2	820.326005179548	0.0103925949813682	0.468979959852596	0.022159998019179	0.982320326704553	0.989397076914089	820.326005179548	-0.21546486909821	0.469053643029834	-0.459360826421522	0.645975074305413	0.813559254199657	820.326005179548	-0.313998319309328	0.663408097602764	-0.473310953610555	0.635991348511359	0.796532165207533
GYPSY4	757.09497472994	0.328964520769046	0.157574688018272	2.08767362897079	0.0368272852235627	0.100933404356014	757.09497472994	0.0311617150703669	0.157874764773232	0.197382495645374	0.843528226617905	0.923652713913189	757.09497472994	-0.730428487439754	0.223319107161226	-3.27078366345257	0.00107249920947516	0.020690757944995
INVADER2	699.537068560705	0.357354386155511	0.133635549315176	2.67409673538813	0.00749308339531	0.0304219853070804	699.537068560705	-0.0381203315027251	0.134157979998822	-0.284145091503761	0.776299192400004	0.887707901832331	699.537068560705	-0.688426586665656	0.189690269897932	-3.62921401838948	0.000284285480153967	0.00978402937134763
Tinker	956.9301030134	-0.081737090511178	0.236211279442129	-0.346033816438489	0.729317300950367	0.826348517352736	956.9301030134	0.577336636538776	0.235808664374275	2.44832664682087	0.0143521475153447	0.0734484559262944	956.9301030134	-0.580024923821065	0.333757665585031	-1.73786247816769	0.0822350485565495	0.252760778864752
BAGGINS	588.825360542689	0.529497103985488	0.225381749286372	2.34933443218912	0.0188070062040076	0.0611985556282808	588.825360542689	0.156805444205632	0.225715443900061	0.694704099534542	0.487240758382221	0.702728225448373	588.825360542689	-0.902765483476693	0.319076047387058	-2.82931135342036	0.00466482921747762	0.0465257092248517
DM06920	498.423916235456	0.175640545757905	0.304726893294742	0.576386756872225	0.564353793696732	0.701871328303973	498.423916235456	0.32293262371543	0.304579357874918	1.06025774684327	0.289027356186532	0.529177122797005	498.423916235456	-0.438660244891217	0.430723020720389	-1.01842767576609	0.308474755350438	0.531627713442014
DOC2	386.940401751687	0.531126348395253	0.144116597756857	3.68539333194177	0.00022834970652506	0.00194739262183353	386.940401751687	0.296907010451419	0.14460152546481	2.05327716631644	0.0400457040955348	0.151544713712391	386.940401751687	-0.855275373232783	0.203985280335995	-4.19282887384822	2.75497265812354e-05	0.00229132096336378
Beagle2	548.265735606787	0.120361586632363	0.217987192972321	0.552149807478122	0.580845719575555	0.716463830553021	548.265735606787	0.0551541077857028	0.218038452306987	0.252955876370139	0.800302310053582	0.899118905071205	548.265735606787	-0.390043353926681	0.308417173095926	-1.2646615945908	0.205992662805432	0.420499258817099
JUAN	448.313476502551	-0.467884825747975	0.292497767821417	-1.59961844916929	0.109683253112302	0.223554343032085	448.313476502551	-0.039388213903463	0.291973121816951	-0.134903561185187	0.892688123874029	0.948349158374264	448.313476502551	0.297720422518682	0.413361452785742	0.720242346044299	0.471375795506822	0.675923033840912
ACCORD	491.154408809444	0.0480647171886841	0.27180127662845	0.176837716823487	0.859635862162632	0.91131066006992	491.154408809444	0.0978218949603164	0.271732701045873	0.359993090944923	0.718852300308376	0.856823102745482	491.154408809444	-0.587767686500268	0.384626760906465	-1.52815078471153	0.126475104887591	0.318685475241893
DMDM11	282.404599560772	0.315358134704356	0.350157791913435	0.900617213117218	0.367791879313549	0.523684266568661	282.404599560772	0.0613401604077528	0.350466162712293	0.175024487194527	0.861060392567447	0.933423987876824	282.404599560772	-0.634220086155049	0.495593816459099	-1.27971751279385	0.200644503169855	0.41336449203507
DMMDG3	413.313042128526	0.0605705410428117	0.221936714922082	0.272918075155239	0.78491619182125	0.863846033825359	413.313042128526	-0.131202160243329	0.222203941521267	-0.590458294056731	0.554883438619344	0.754356610826733	413.313042128526	-0.068312156562301	0.314092637379357	-0.217490473932359	0.827826130036247	0.913620245382779
TABOR	256.10351919044	0.800643141236203	0.193351150700435	4.14087600893912	3.45981954315654e-05	0.000435499686118225	256.10351919044	0.324821040941041	0.194557143881229	1.66954054968721	0.0950103011625569	0.267027699988283	256.10351919044	-0.672149107464978	0.272956577808071	-2.46247631349482	0.0137981286543451	0.0867950397254258
TC1-2	470.943085764827	0.155500379849863	0.112616121645214	1.3808003470387	0.167340356780498	0.301880975427062	470.943085764827	0.0567570959290425	0.112820606770072	0.503073840443998	0.614912357967721	0.791711024630934	470.943085764827	-0.392755895246516	0.159563684429194	-2.46143661480066	0.0138381847271513	0.086850272843183
ROVER	393.554867154638	0.507420389654221	0.21165061898827	2.39744344750697	0.0165099293154103	0.0553978885371938	393.554867154638	-0.13820762436692	0.212684846737411	-0.649823560479401	0.515806198323375	0.72449538070194	393.554867154638	-0.374753015920146	0.299917709542226	-1.24951946482968	0.211475138676521	0.425445351856065
DMIS176	418.628434756951	0.221803172427381	0.134793503782253	1.64550342712126	0.0998660365007758	0.208317359265561	418.628434756951	-0.193944452148391	0.135758948095558	-1.42859424641297	0.153120888812932	0.360836597608814	418.628434756951	-0.324509080858005	0.191680956602492	-1.69296463566265	0.0904621988423569	0.265291074315542
ROXELEMENT	404.362103943444	0.536060082765075	0.153682145010413	3.48810906256387	0.000486449611808833	0.00362163708628982	404.362103943444	0.339761863379561	0.15404021194254	2.2056699292669	0.0274071188676979	0.117878295500408	404.362103943444	-0.853484186956135	0.21734425732597	-3.92687710021292	8.60559248980566e-05	0.00457931717893545
BS	355.483202536686	0.251476084044158	0.201070321494266	1.25068723307995	0.211048610164599	0.354839638908096	355.483202536686	-0.314935597330983	0.202128129471867	-1.5580988067018	0.1192098275432	0.309405442361316	355.483202536686	-0.344945755488722	0.285574489597676	-1.20790115382746	0.227085285724824	0.443120192582261
DMIFACA	317.987579509143	0.539210854367808	0.184559825906823	2.92160469765524	0.00348233211524103	0.0168021809208672	317.987579509143	0.294484989053135	0.185030299948611	1.59155008198616	0.111485833877128	0.29662628975649	317.987579509143	-1.03844476107934	0.261551418369788	-3.97032739318265	7.17739376289358e-05	0.00413270652152662
TAHRE	391.057962181248	0.231646585734333	0.245454082025303	0.943747131125132	0.345298883096972	0.501569583561019	391.057962181248	0.675291340587047	0.244791927991482	2.75863402085115	0.00580434990491099	0.0389780147920697	391.057962181248	-0.398911540646839	0.345933805722942	-1.15314413927596	0.248851227138228	0.467866975604157
GYPSY12	280.055484840672	0.618275458779112	0.145600632110883	4.24637894640637	2.17253071349383e-05	0.000294759279030518	280.055484840672	0.245439135216652	0.146714745069023	1.67290026030569	0.0943469325626115	0.265697325578655	280.055484840672	-0.732330668429364	0.206013552194373	-3.55476938594027	0.000378310748314932	0.0109758994368994
DMGYPF1A	459.436566406092	-1.45145900462251	0.553343337372599	-2.62307125900236	0.00871410445988363	0.0341011763928831	459.436566406092	-1.2014334410183	0.553137969383279	-2.17203212854441	0.029853239625673	0.124606756326043	459.436566406092	1.08835684771612	0.782966081721954	1.39004341710759	0.164515693644769	0.368919953713494
GYPSY7	182.000674054426	0.12502919847021	0.250596876524598	0.498925605953981	0.617831794323009	0.747087343551761	182.000674054426	-0.27883411857676	0.251705458354065	-1.10777938786108	0.267957104005221	0.505480907891569	182.000674054426	-0.717327544709527	0.357215969655771	-2.00810603568697	0.0446320250323349	0.173828459952782
CIRC	331.07540840306	0.295384488514696	0.143266978834187	2.06177648833208	0.0392290205084568	0.105183930787972	331.07540840306	0.106719742355434	0.143739791414936	0.742450933766589	0.45781416955867	0.682058682397469	331.07540840306	-0.529373826188654	0.202996411033187	-2.60779894331289	0.00911264612950674	0.0676489854708636
INVADER4	218.147185709226	0.180905815385784	0.184253973107107	0.981828572459725	0.326184309346596	0.482882708807062	218.147185709226	0.293500055776309	0.18384543862661	1.59645002872444	0.110388354103962	0.294484978617078	218.147185709226	-0.919666281460606	0.261324664888193	-3.51924791276048	0.00043277209752812	0.0120121829211741
TRANSIB2	277.436866731572	0.300615377688318	0.118537518852181	2.53603568388497	0.0112115309148962	0.0414572478162911	277.436866731572	0.0162135324570542	0.119632112902761	0.135528262969265	0.892194219783139	0.948349158374264	277.436866731572	-0.384376253666519	0.16828645689809	-2.28405933995798	0.0223680437563409	0.11557680409397
IVK	251.247811577669	0.455007478827742	0.272863068629846	1.66753046175327	0.0954089724869744	0.20159823189763	251.247811577669	0.0353697667368116	0.273601019273512	0.1292749816164	0.89714006707847	0.950560410791456	251.247811577669	-0.879152797878535	0.38691380627707	-2.27221873093092	0.0230733024916711	0.117718792592435
TIRANT	320.46582703735	0.591703048855983	0.236711514576792	2.49968004266235	0.0124305517553247	0.0449874883866049	320.46582703735	0.145034700491737	0.237424123111026	0.61086758409934	0.541287246507918	0.743484324176014	320.46582703735	-0.85599279872594	0.335286555236036	-2.55301856086456	0.0106793805038363	0.0742464918248137
DMTNFB	299.558242376232	0.121951501153895	0.150377900884825	0.810966906947971	0.417384675424337	0.570835638544708	299.558242376232	-0.117925346676569	0.151077380956773	-0.78056255628571	0.435059821537553	0.665118252878762	299.558242376232	-0.0644094772652652	0.213057330247137	-0.30231054331974	0.762415341734127	0.877486145490569
DMPOGOR11	355.777643028468	0.452175035219614	0.256673621847349	1.76167317843255	0.0781245320458547	0.175339649092923	355.777643028468	-0.122292177922824	0.257520082144889	-0.474884043621958	0.634869625177674	0.805004647260861	355.777643028468	-0.275266798871349	0.363399019803383	-0.757478099473913	0.448763481778743	0.657109594863293
DM33463	286.914082596651	0.198717280655374	0.118550382075691	1.67622640413339	0.0936938541488007	0.199284999563814	286.914082596651	0.0438508202763963	0.119091595157862	0.368210873473228	0.712716003177475	0.853108005790813	286.914082596651	-0.430476961715806	0.168307504091536	-2.55768133476501	0.0105372603595345	0.0737059188903966
DM88	184.004627866496	0.290956872168479	0.16058831917576	1.81181840411465	0.0700142604299127	0.162692416796378	184.004627866496	-0.188442092266675	0.162663851100355	-1.1584755370781	0.246670029045283	0.482207662538331	184.004627866496	-0.544754313178997	0.229879440307666	-2.36973916610337	0.0178006381584	0.100530845224491
GYPSY6	333.434264150079	0.410806885477665	0.244017756621903	1.68351226224162	0.0922759676060858	0.196788292029018	333.434264150079	0.459637804789861	0.243910741269331	1.88445085443088	0.0595040165332407	0.196446595183637	333.434264150079	-0.770959107906609	0.344718034845237	-2.23649194406883	0.0253195644199826	0.124306108136233
DME278684	245.067757932427	0.541908701149742	0.16469944347734	3.29028859908868	0.00100084674491188	0.00641941243705361	245.067757932427	0.35714615048187	0.165209264998089	2.16178039703766	0.0306351071750168	0.12628146904881	245.067757932427	-0.943450728108697	0.233094993903313	-4.04749459570134	5.17687768876378e-05	0.00343152318120764
DMTRDNA	238.369768560488	0.289647935689469	0.259321016053594	1.11694740402223	0.264016814342636	0.41535344509577	238.369768560488	0.225477348870738	0.259417063263944	0.869169306112014	0.384754533193056	0.623287693633939	238.369768560488	-0.474011734761145	0.366537003674751	-1.29321659207364	0.195936158653097	0.406724198439078
GYPSY2	381.190963532591	0.329241850960458	0.138938013932906	2.36970316215583	0.0178023714946782	0.0587514781389343	381.190963532591	0.226792404904911	0.139145664892174	1.62989199182493	0.103124326480941	0.282616533494753	381.190963532591	-0.551974608074031	0.196399594986719	-2.81046714027773	0.00494696401729609	0.0482995756401744
DIVER2	236.665742526215	0.530979258375059	0.147572340464346	3.59809471547512	0.000320556888342546	0.00257221311037584	236.665742526215	0.248597581585144	0.14852125026437	1.67381826602346	0.0941663213511786	0.265418914441499	236.665742526215	-0.864938933657077	0.209301173605361	-4.13250876121663	3.58825084849095e-05	0.0026859253684571
TC1	246.274814267598	0.291630169259854	0.108113823710473	2.69743645401754	0.00698756197247279	0.0289357996490552	246.274814267598	0.0659317194710462	0.109160855200604	0.603986835298095	0.545852394710063	0.746417085349481	246.274814267598	-0.454764751172847	0.153604209217449	-2.96062688314135	0.00307013629948872	0.0363469961040074
McCLINTOCK	67.4292835459871	0.668002016188939	0.199920853834467	3.34133234916073	0.000833773530517354	0.00555092763174365	67.4292835459871	0.264376977190432	0.203474419884914	1.29931308977298	0.19383650397831	0.417309441289271	67.4292835459871	-0.959586193865215	0.284542291754616	-3.37238513103966	0.000745201640569804	0.016503203195893
GTWIN	299.825506433488	0.215044318274546	0.259059582652675	0.830095980517575	0.406484519492288	0.560705577877346	299.825506433488	0.269996742624576	0.258930875112407	1.0427367632669	0.297070226181208	0.537349493370156	299.825506433488	-0.429691173513755	0.366043982026666	-1.17387853540084	0.240443681123352	0.459132933954592
INVADER	187.93559338667	0.342044112153297	0.129637905152485	2.63845756957405	0.00832841219204059	0.0329211958207084	187.93559338667	0.228078283048064	0.130145546258537	1.75248627098603	0.0796902285491778	0.238921731949311	187.93559338667	-0.766116880346717	0.184134587260018	-4.16063539037822	3.17363408591805e-05	0.00251817794776081
G4_DM	260.064990846083	0.243449071502157	0.158358729915006	1.53732649682668	0.124213375998664	0.244553543625869	260.064990846083	-0.138021224731206	0.159560707295039	-0.865007601627103	0.387034616538138	0.624090453041189	260.064990846083	-0.347875833468738	0.225168865584267	-1.54495530528198	0.122357074603496	0.313229647434577
DMHFL1	227.687388585572	0.335760410780326	0.158610451055764	2.11688705596253	0.0342694344879013	0.0959380783375239	227.687388585572	0.285260011341683	0.158728444605333	1.79715747893179	0.0723106227971565	0.223050459551229	227.687388585572	-0.531701899843751	0.223780500002755	-2.37599746107103	0.0175015832356131	0.0997763866239978
STALKER4	188.522175886428	0.16685334683627	0.160131303345193	1.04197832248069	0.297421729359964	0.452626770714452	188.522175886428	0.10196816150502	0.16035104109039	0.635905827686773	0.524837804041548	0.731580243796214	188.522175886428	-0.143463702301107	0.225806859477863	-0.635338105462524	0.525207926253785	0.714560003534067
GYPSY10	215.703288093393	0.312227023589131	0.126035220890073	2.47729976893881	0.0132380664214935	0.0471972835622403	215.703288093393	0.181689833726285	0.126578955282653	1.43538737004559	0.151176743019151	0.358714183790172	215.703288093393	-0.612349927441616	0.178680654779472	-3.42706337290615	0.000610146657548746	0.0147525470273136
G5_DM	232.862289219091	0.270566362371816	0.198233821259902	1.3648849659064	0.17228920819951	0.307923369516823	232.862289219091	-0.174437699240301	0.19946408057801	-0.874531889324695	0.381828661563776	0.622050524091422	232.862289219091	-0.534786151965139	0.282041131173634	-1.89612823399118	0.057943089984585	0.204009098258677
TARTC	206.580136694458	0.0850893456573544	0.735611824487027	0.11567153058842	0.907912870062828	0.94296278688608	206.580136694458	-0.938047490561614	0.736593899338857	-1.27349342888066	0.202843002860007	0.429635159247186	206.580136694458	-0.345053372807948	1.04187062031165	-0.331186393090473	0.740503697564133	0.864729642875724
INVADER6	212.541133965644	0.157828940620441	0.15526151651365	1.01653612668768	0.309374153065221	0.465117767157398	212.541133965644	0.151418754818593	0.155214848763454	0.975542971725299	0.3292909969441	0.569688646176942	212.541133965644	-0.378538784278545	0.219419242638195	-1.72518499164964	0.0844941395365611	0.256544131616146
DMBARI1	262.80867768598	0.568893530337898	0.233753797800747	2.43372957226914	0.0149441554087522	0.0515279392602423	262.80867768598	-0.00209605349481783	0.23487419570089	-0.00892415400748038	0.992879649810734	0.996566263016435	262.80867768598	-1.02903104040004	0.33210697087968	-3.09849274670252	0.00194507731312062	0.0288880000948655
DMTHB1	172.006726021875	0.220498441655974	0.136146779622442	1.61956413708391	0.105325938619026	0.216552490045842	172.006726021875	0.016092782465209	0.137227436875921	0.117270881330823	0.906645399119016	0.954927644656163	172.006726021875	-0.384987023769197	0.19350806143896	-1.98951413655	0.0466444830319077	0.178684495217421
QBERT	193.24962235797	0.309830393248891	0.149682537694943	2.06991675862908	0.0384601402873563	0.103680219068596	193.24962235797	0.0649226855687472	0.150706302829822	0.43078945173287	0.666621470047194	0.825957389725215	193.24962235797	-0.609835348978342	0.212922605365892	-2.86411744741892	0.00418172929678787	0.0437418349446597
INVADER3	163.637423318416	0.1120918680838	0.171652623891335	0.653015756722482	0.513746120471017	0.65960800686691	163.637423318416	0.0918332708188477	0.171665043511887	0.534956150303766	0.592680179349778	0.779411226720462	163.637423318416	-0.365206833145361	0.242980115785035	-1.50303176852735	0.132830852007145	0.327572660514692
G5A	172.119438136875	0.374750887189444	0.114017767262789	3.28677622958284	0.00101341327746791	0.00648231238049188	172.119438136875	0.0135029688956855	0.11632829825595	0.116076389821982	0.907592000501826	0.955324175647745	172.119438136875	-0.548495765315962	0.163203906757479	-3.36080046252219	0.000777169491070774	0.016878257341862
TRANSIB3	170.521421194888	0.125813678436224	0.161926513573457	0.776980098315705	0.437170512143708	0.590333505187502	170.521421194888	-0.0769839199971041	0.162840338861447	-0.47275706090618	0.636386511790735	0.806017795193048	170.521421194888	-0.329469923049799	0.230336971614573	-1.43038228183839	0.152607330693376	0.354170134151556
GYPSY3	188.642901571313	-0.122483097221042	0.172202681301585	-0.711272880859116	0.476915153363104	0.626077751072691	188.642901571313	0.282618352684766	0.170398565862324	1.65857236681857	0.0972019938935628	0.271660857268812	188.642901571313	-0.308651022708543	0.242404282370785	-1.2732903053108	0.202915045613202	0.416341767605008
STALKER	144.321190804249	0.208160027387445	0.155907255235738	1.33515292199006	0.181826301480958	0.320049173350176	144.321190804249	0.146208918383648	0.156189516680514	0.936099435423176	0.349221993703292	0.589367885961306	144.321190804249	-0.158849628560492	0.219265466261339	-0.724462594447778	0.468781783443019	0.674113968301514
DOC5	171.835228993913	0.372290521241208	0.183861487269455	2.02484232435041	0.0428835575006143	0.11239109557849	171.835228993913	-0.0791220456052012	0.185659804382102	-0.426166804756306	0.66998630410241	0.828389629166596	171.835228993913	-0.611957795746045	0.262073018568126	-2.33506600217591	0.0195399730391174	0.106657665183865
JOCKEY2	133.631979551657	0.299696864743327	0.11135029980268	2.69147784311681	0.0071136223410848	0.0292661800487637	133.631979551657	0.0823670870242447	0.113180556217623	0.727749445460132	0.4667669764096	0.687754885827026	133.631979551657	-0.429382623585829	0.158344067298936	-2.7117064182468	0.00669378493563265	0.0571108033869935
FB	111.480878867929	0.52675161646322	0.408050575565919	1.29089786414999	0.196739096140797	0.338040079747991	111.480878867929	0.0150010724893998	0.409425678624123	0.036639305428548	0.970772603357684	0.987214454351967	111.480878867929	-0.865467233659035	0.578628791056335	-1.49572099943221	0.134726375663326	0.329615918626877
DMAURA	84.1129752175856	0.305607073334032	0.221134190833411	1.38199828883204	0.166972226516113	0.301494746034015	84.1129752175856	0.3649260954249	0.220613696613449	1.65414070398499	0.0980989274067456	0.273240093843605	84.1129752175856	-0.818355099774562	0.312636110195465	-2.61759621837322	0.00885515192963483	0.0664165971048363
FW2	60.6075642373503	0.400083460059214	0.178978496388484	2.23537166828583	0.0253929585165651	0.0764849717410978	60.6075642373503	0.147357483600929	0.181734115133562	0.810841065765949	0.417456948138563	0.651272282020256	60.6075642373503	-0.843673911971578	0.257175073813006	-3.28054309254333	0.00103607436212894	0.0201263718650238
MARINER2	94.9615827831949	0.30665781716453	0.149179381088493	2.0556313810058	0.0398180606213313	0.106423146093972	94.9615827831949	0.230319962102841	0.149753596949193	1.53799285489605	0.12405036181702	0.31743040882715	94.9615827831949	-0.554932449408502	0.210677595824888	-2.63403636839368	0.00843764496652161	0.0646233817763333
G2	116.06245927727	0.554354739225043	0.136673376742246	4.05605504479857	4.99085023907343e-05	0.000577946974913691	116.06245927727	0.16563545071331	0.139775921835397	1.18500703510556	0.236014665367686	0.470296601622374	116.06245927727	-0.516640604925368	0.19329267492519	-2.67284109511818	0.00752118683358841	0.0604477776496671
DOC4	58.9276830635398	0.400102103004444	0.195323448460942	2.04840794158133	0.0405200440344554	0.107759827251052	58.9276830635398	0.357704547801152	0.195622137675764	1.82854840485402	0.0674672880075696	0.213146513716655	58.9276830635398	-0.899203079637739	0.276822943823383	-3.24829678934215	0.0011609810392131	0.0217258251804744
HEL	67.2208724968134	0.222864638986679	0.163833164350912	1.3603145606669	0.173730402593902	0.309463494893794	67.2208724968134	0.126401861796471	0.164821498082363	0.766901546625349	0.443140054045695	0.671015040704661	67.2208724968134	-0.566251406399099	0.233549304841739	-2.42454759941508	0.0153274738551677	0.091833978893182
FROGGER	63.8284507294788	0.548277089676614	0.197043634859816	2.78251611662908	0.00539391862301088	0.0236345838917129	63.8284507294788	0.276372182080614	0.199596208536806	1.38465647271877	0.166157534608441	0.380890759770161	63.8284507294788	-0.831589115484364	0.279538666963284	-2.97486256380262	0.00293119840727349	0.0355032316255305
BS3	83.0567788375164	0.362058027392796	0.150527070701454	2.40526853877918	0.0161605856386326	0.0546124745017511	83.0567788375164	0.166128129505683	0.152410778758544	1.09000249758497	0.27571204387556	0.514149614455204	83.0567788375164	-0.629150437104658	0.214175554861155	-2.93754549865657	0.00330821624458919	0.0384122564573397
TC3	62.5521542652956	0.387119742691738	0.185349681934807	2.0885913514969	0.0367445243670083	0.100777135489525	62.5521542652956	-0.0438079077902817	0.190061409937121	-0.230493437909227	0.81770836202294	0.909392778208555	62.5521542652956	-0.543611918827982	0.266401574990592	-2.04057321675812	0.0412932666134645	0.16611042890538
G6_DM	81.7660370722745	0.34194731705667	0.387458732603202	0.882538676465604	0.377485574106755	0.53289945694311	81.7660370722745	0.643357103284558	0.386183989665724	1.66593416739373	0.0957265273907662	0.268533064820178	81.7660370722745	-0.875333627072394	0.5462194116593	-1.6025311594352	0.109038202859481	0.294369065089265
HOPPER2	51.5300921375917	0.249356141040264	0.1897601144747	1.31405981562849	0.188826075697097	0.328189053276114	51.5300921375917	0.114959421268106	0.191472265246661	0.600397248760867	0.548241520934445	0.748863235651089	51.5300921375917	-0.211131909870754	0.26675075616934	-0.791495075413103	0.428655148740961	0.640359234973858
TRANSIB4	68.0377816100429	0.335235948365999	0.216392569732179	1.54920267724953	0.121333006099038	0.240576536151799	68.0377816100429	-0.054689132993523	0.219817990779646	-0.248792798076047	0.803521062286979	0.901022119979846	68.0377816100429	-0.370148835715837	0.308339585626351	-1.20045836788659	0.229961372095866	0.446350751275428
RT1C	80.5316796163181	0.754489601714925	0.164868683611653	4.57630633778892	4.73257401525195e-06	8.78030793603774e-05	80.5316796163181	0.336988273806461	0.168653738789589	1.99810734244607	0.0457050238915151	0.165861670411742	80.5316796163181	-0.884605370923192	0.232988153030117	-3.79678262357333	0.000146586221786479	0.00650541540797859
DMTOM1_LTR	87.9424242638211	0.109277782699376	0.123934000638348	0.881741750742479	0.377916477725255	0.5333795354411	87.9424242638211	-0.0509374575386547	0.125836261031978	-0.404791568987497	0.68563072660343	0.837678106453027	87.9424242638211	-0.163845765058049	0.176625254966089	-0.927646304541816	0.353591070047311	0.574048660279238
GYPSY8	66.4123391883526	0.640301813541529	0.189630660348636	3.37657324171277	0.000733948285113705	0.0050113306164973	66.4123391883526	0.47158428785084	0.19111289388707	2.46756918520371	0.0136033930637204	0.0707182593689084	66.4123391883526	-1.05133891676195	0.267575521828305	-3.92912965124127	8.52538673504892e-05	0.00455824010767282
GYPSY5	58.7674953001213	0.316719609752313	0.243978628477042	1.29814488969519	0.194237551384486	0.334770443712857	58.7674953001213	0.110148879792546	0.245706317994424	0.448294861490071	0.653940408619531	0.818008345363201	58.7674953001213	-0.582451393953817	0.346660933017513	-1.68017604084736	0.0929230694857534	0.268694366259603
INE1	59.965209273053	0.331353851513894	0.164502179569381	2.01428243918277	0.0439798886083361	0.114675801913033	59.965209273053	-0.00727319594450232	0.168997847004884	-0.0430372106710456	0.965671871494392	0.985060758893343	59.965209273053	-0.2794340929508	0.234212961164287	-1.19307698242538	0.232839225145774	0.449699712155869
DMZAM	55.3484537729281	0.559281147597265	0.423699035461081	1.31999627279925	0.186836262405738	0.325967214662029	55.3484537729281	-0.552635624825655	0.430114385633571	-1.28485733861611	0.198842141168559	0.424610034431453	55.3484537729281	-0.701331604405582	0.606844614897542	-1.1557021141631	0.247803023114549	0.466990994214528
LOOPER1_DM	60.5158724737503	0.18759212732723	0.255099854976103	0.735367440114002	0.462115745891907	0.61253807220706	60.5158724737503	-0.233307407364996	0.25881473045472	-0.901445628520023	0.367351430360692	0.607787602114166	60.5158724737503	-0.0796804383374907	0.363536235175771	-0.219181557786021	0.826508620969931	0.912940363625222
S2	44.5774292683749	0.322367397455547	0.168097066529293	1.91774552710217	0.0551432858929871	0.135794243977195	44.5774292683749	-0.0921577732724021	0.175327933262976	-0.525630865300704	0.599144707143249	0.78305979981075	44.5774292683749	-0.325120189849657	0.242750175297005	-1.33932010327849	0.180466486931794	0.389210967881694
GYPSY11	31.741289681356	0.434205578191227	0.277849028931441	1.56273923238496	0.118113942516245	0.235666011027996	31.741289681356	-0.386677747057604	0.289930163342426	-1.33369271620391	0.182304582870737	0.403006357448495	31.741289681356	-0.662775364592947	0.408343679357617	-1.62308221749774	0.104571830427708	0.288819206136763
G3	44.723824823323	0.318166238296857	0.188455959767486	1.6882789946755	0.0913576854699401	0.195627558817707	44.723824823323	-0.133549734762618	0.195502467977574	-0.683110224357563	0.494537195204675	0.707794323346707	44.723824823323	-0.320231960093535	0.271935898911095	-1.17760090291804	0.238955749743426	0.457356586755198
TRANSIB1	41.2741156771971	0.189210275561451	0.255833512258092	0.739583621752301	0.459552682646113	0.610658552002356	41.2741156771971	-0.261191393773453	0.261881679100316	-0.997364132805188	0.318587794413897	0.558985619602175	41.2741156771971	0.137865861455367	0.364482882036982	0.378250579793699	0.705244454421183	0.843199311494094
DMREPG	72.5787387448981	0.809891441621039	0.198549164461409	4.07904734234454	4.52206281994733e-05	0.000535353888684087	72.5787387448981	0.475042054689836	0.201379051942814	2.35894473683755	0.0183269847797338	0.08816426097123	72.5787387448981	-0.756631444842661	0.277492707175714	-2.72667145938198	0.00639767042580527	0.0554695316918468
GYPSY9	39.6868918902313	-0.584372384204773	0.298144175295453	-1.96003287210181	0.0499919482668687	0.126286392868597	39.6868918902313	-0.0668415390985437	0.291894452298431	-0.228992153061564	0.818875015050314	0.910239448468956	39.6868918902313	-0.659322936959011	0.430021408638039	-1.53323281984312	0.125218500448436	0.317227735341842
R1-2	27.2626743687209	0.302742454995104	0.236612269561023	1.27948755809143	0.200725418206021	0.342982585684783	27.2626743687209	0.114359377869779	0.240151675522674	0.476196460511398	0.633934420888724	0.804182089903807	27.2626743687209	-0.624823266493416	0.338958751227993	-1.84336077540344	0.0652763530563606	0.219701106749645
FW3	20.5926946795403	0.153959627773582	0.258192103825979	0.596298746135749	0.550975668547968	0.690866778926685	20.5926946795403	0.0865102345439206	0.259542297864989	0.333318442718428	0.73889391932805	0.865279612663261	20.5926946795403	-0.771695920985894	0.375562964105756	-2.05477108964501	0.0399011198383467	0.162676025252345
AF541951	17.9363644881465	0.631495448642114	0.304205890694042	2.07588172339913	0.0379048914705635	0.10259392611899	17.9363644881465	-0.201522898091255	0.323774895203528	-0.622416688497656	0.533667909694153	0.738843808883594	17.9363644881465	-0.649898542042483	0.446682894901638	-1.45494387508524	0.145684799936064	0.346116998239976
OSV	16.7182594649321	0.571286803979463	0.270970189215836	2.10830130662239	0.0350049350107018	0.0974825786327842	16.7182594649321	0.359543608231118	0.276376734913199	1.30091850294142	0.193286351976058	0.416468846668045	16.7182594649321	-1.01478654762233	0.386485838879905	-2.62567588650425	0.00864771177139515	0.0656001623912099
INVADER5	13.5832152112296	0.833333776976297	0.346488924783877	2.4050805592014	0.0161689010424547	0.0546124745017511	13.5832152112296	0.608523324416886	0.351652763508281	1.73046649298565	0.0835469627681873	0.245759837034636	13.5832152112296	-1.49334215106396	0.492111808520932	-3.03455866168357	0.00240887904053072	0.0316933832629135
Q	13.2152009718483	0.279557556664683	0.309806178092803	0.902362755919415	0.366864198822392	0.522807080569127	13.2152009718483	-0.31563256004384	0.328855631988306	-0.959790647754707	0.337160590137257	0.577431224231409	13.2152009718483	-0.415255262473759	0.461000149422844	-0.900770342468746	0.367710439276678	0.587959671346987
STALKER3	10.892975648986	0.116102829230689	0.427405955027155	0.27164532422884	0.785894745695702	0.864189877663888	10.892975648986	-0.0316716232531099	0.431462121556009	-0.0734053388948503	0.941483569235634	0.974249260666496	10.892975648986	-0.110346799581289	0.605534529784687	-0.18223040000795	0.855401916645995	0.928956339269059
BS4	2.50977678840027	0.232351604234059	0.733081591016243	0.316951901509297	0.751280098980263	0.841205600046061	2.50977678840027	-0.478378002850805	0.785833528728	-0.6087523443103	0.542688605697759	NA	2.50977678840027	-0.246628149613128	1.09708345342527	-0.224803453960694	0.822132178978062	NA
