Age_old_vs_young.baseMean	Age_old_vs_young.log2FoldChange	Age_old_vs_young.lfcSE	Age_old_vs_young.stat	Age_old_vs_young.pvalue	Age_old_vs_young.padj	Regime_Sel_vs_Cont.baseMean	Regime_Sel_vs_Cont.log2FoldChange	Regime_Sel_vs_Cont.lfcSE	Regime_Sel_vs_Cont.stat	Regime_Sel_vs_Cont.pvalue	Regime_Sel_vs_Cont.padj
DMCOPIA	907367.21270318	2.0139569546106	0.17931263117398	11.2315398052273	2.8545988515412e-29	6.05809311827077e-27	907367.21270318	-2.48124738802179	0.179312631195423	-13.8375493766394	1.51276538864958e-43	2.02256732462449e-39
DM_ROO	17501.3284290328	0.539078381303767	0.126642312075141	4.25670040660592	2.07466068695153e-05	8.07047232602325e-05	17501.3284290328	-0.180844310091834	0.126642311484721	-1.42799280881455	0.153293928374732	0.342388877776505
Beagle	5456.16357385215	0.934429490559595	0.388511732834309	2.40515127752424	0.0161657723284452	0.0320249482932749	5456.16357385215	-0.127405710266192	0.388511730574617	-0.327932724393563	0.742962530183393	0.870206660407531
DMU89994	4936.51303748865	0.986004467697651	0.125802477744479	7.83771898118216	4.5880437888759e-15	1.17288997050231e-13	4936.51303748865	0.424972973514112	0.125802489171766	3.37809669992992	0.000729894090413272	0.00611829717167739
DMLINEJA	5572.67820644169	0.832600734957341	0.195267615932544	4.26389563359532	2.00893305694201e-05	7.84217079454445e-05	5572.67820644169	-0.44037651306109	0.195267605400106	-2.25524613854281	0.0241178833518899	0.0922357266632631
DMRER1DM	3012.39584306828	1.91712309902633	0.35490596636068	5.40177759952905	6.59837273536777e-08	4.3912515416559e-07	3012.39584306828	0.609743146845425	0.354905888989525	1.71804178448958	0.0857889940595841	0.230598884313759
DMBLPP	3951.21480730337	0.576167751875078	0.200825335566621	2.86899932346406	0.00411772679416568	0.00947899573656941	3951.21480730337	-0.583483677305337	0.200825340361067	-2.90542854928707	0.00366750573075896	0.0216583708569997
DME487856	3746.58507452084	1.09286382923173	0.236129213951407	4.62824489585024	3.68777770076573e-06	1.67877384607551e-05	3746.58507452084	-0.485943001798789	0.23612917874785	-2.05795405877265	0.0395945436744565	0.13264320945314
DMW1DOC	3659.98012720432	0.508163468459692	0.142032896430753	3.57778712699452	0.000346515477453153	0.00102384794111573	3659.98012720432	-0.109209485581252	0.142032894465874	-0.768902767150832	0.441951034596985	0.655002077491639
DMRER2DM	3205.85163264188	1.51814416379474	0.479950316769242	3.16312774625099	0.00156083824472129	0.0039666237087861	3205.85163264188	0.397825053036707	0.479950304582463	0.828888010359319	0.407167780419655	0.626448011992036
OPUS	4102.34367198932	0.890268134479997	0.168272240429797	5.2906417137259	1.21887935422318e-07	7.63655902809929e-07	4102.34367198932	-0.0143143693651355	0.16827220510189	-0.085066748584343	0.932208325242637	0.96872573515421
1360	3424.19476620781	0.598699128904589	0.145687669324359	4.1094701540708	3.96567962096895e-05	0.000144826923060243	3424.19476620781	-0.0254667794266782	0.145687665045461	-0.17480395075816	0.861233683882249	0.934720259698347
AF222049	3551.96296868682	0.533855329688675	0.321756200165333	1.65919205104472	0.0970770988641931	0.151821360605248	3551.96296868682	-0.649356005504251	0.321756203420911	-2.01816157264507	0.0435744367868804	0.142268673953746
DMIS297	3117.47562259663	-0.258903065844093	0.104903860162728	-2.46800323117261	0.0135869093186141	0.0274572215220481	3117.47562259663	-0.091570015035038	0.104903543451354	-0.872897254204776	0.382719083053637	0.603841649802588
DMCR1A	2992.46069037051	0.670101474688606	0.0974102366806284	6.87916894079231	6.02027313383552e-12	8.96336879725846e-11	2992.46069037051	-0.226978482122158	0.097410092367506	-2.33013311665715	0.0197991165985059	0.0798053026596394
RT1B	3214.78393065523	0.201234630096739	0.17597035199607	1.14357121989068	0.252801502937592	0.342119897174954	3214.78393065523	-0.516435300740521	0.175970361484486	-2.93478570131852	0.00333778118986881	0.0202455501864889
DMRTMGD1	2234.23107666982	0.835641214818546	0.0941956505753449	8.87133545672723	7.22738790483116e-19	3.52664876962017e-17	2234.23107666982	-0.568472128918132	0.094195233793355	-6.0350413287921	1.58922008581604e-09	9.23820545537409e-08
BLOOD	2137.62757853579	0.151596021609328	0.187037449382159	0.810511595993721	0.417646203117454	0.514697540965443	2137.62757853579	-1.42489396346008	0.187038071789697	-7.61820280665748	2.57231927848843e-14	5.05763364020446e-12
SPRINGER	2394.8621289104	1.86850439892104	0.43894882052146	4.25677051985538	2.07401044306791e-05	8.07029092660593e-05	2394.8621289104	-0.422721989944346	0.438948736708744	-0.963032706538658	0.335531110108961	0.562655329506685
DMTN1731	3177.80505596654	0.753602257371173	0.0866681939537155	8.69525742942825	3.46044326512323e-18	1.49245569208702e-16	3177.80505596654	0.105885543112465	0.0866681236301404	1.22173572794002	0.221807580700009	0.435152949957317
F	2601.58794749007	0.563175551607257	0.102665557214984	5.48553543062114	4.1221892227902e-08	2.88402249653087e-07	2601.58794749007	-0.460747568119142	0.102665547190964	-4.48784992361774	7.19455798744677e-06	0.000135480620129807
DM14101	2243.13057764992	0.24470899654393	0.148238914299755	1.65077434423934	0.0987846607058869	0.154113292139756	2243.13057764992	0.755506250724667	0.148239633656291	5.09651995279743	3.45954115540643e-07	1.0301573551845e-05
DM23420	2180.19422252651	0.513145560903683	0.113583000555221	4.51780247392045	6.24847319507223e-06	2.70888737412827e-05	2180.19422252651	-0.173845039429154	0.113582964462399	-1.53055557452636	0.125879268459661	0.300429457212723
DME9736	2434.15372200834	0.885780266586187	0.109934333546045	8.05735786095602	7.79611633822994e-16	2.3266534696905e-14	2434.15372200834	-0.0941785563201683	0.109933934103244	-0.856683216955749	0.391619981080417	0.611677470449203
412	1810.11464564381	0.019257889986831	0.119255095077713	0.161484840327211	0.871711550323172	0.908684190536474	1810.11464564381	-0.204591746205454	0.119254904223061	-1.71558350189753	0.086238300236393	0.231387933807059
ROOA_LTR	1683.99250044522	0.774278264758228	0.0852305192280963	9.08451892315806	1.04158275300223e-19	6.00256957225856e-18	1683.99250044522	-0.0575697697432788	0.0852295585560848	-0.675467182026941	0.499378994951206	0.701499565523302
DOC3	1808.32399786074	0.437026882241302	0.0809518330122602	5.3986039102427	6.71614653584208e-08	4.4649201158076e-07	1808.32399786074	-0.293158345899778	0.0809517854245963	-3.62139444315092	0.000293019360155747	0.00289768405716149
DME010298	2026.36029553402	0.979997394220064	0.0856371483483879	11.4436014407352	2.53154081823359e-30	6.63660798819277e-28	2026.36029553402	-0.276824988629969	0.0856352575845952	-3.23260531278844	0.00122666912423127	0.00932910477302164
PPI251	1580.53221268732	0.384661319237179	0.171125931021062	2.24782601293684	0.0245872864562209	0.0463459777131924	1580.53221268732	0.230248568331547	0.171126130664674	1.3454904136337	0.178466915010962	0.377007339377946
QUASIMODO	2258.39910951732	0.728383781373369	0.0721058627106894	10.1015888859948	5.43542926106673e-24	5.76759438257636e-22	2258.39910951732	-0.194189662460975	0.0721050022232331	-2.69315105018337	0.0070780193982131	0.036036983760133
AY561850	1764.00772301575	0.472981006186143	0.14653729976986	3.22771749533375	0.00124782140726951	0.00324705570556507	1764.00772301575	0.624371809021984	0.146538188285373	4.26081294117041	2.03684660748486e-05	0.000324425850299969
STALKER2	1943.30994332922	0.621812189127957	0.298021180026511	2.08646979074656	0.0369360888799689	0.0663044452638539	1943.30994332922	-0.502182086661885	0.298021178065926	-1.68505503508478	0.0919779538196	0.242590094543661
GYPSY4	1357.85960926412	0.621576750352873	0.10332893670636	6.01551482252515	1.79315893161281e-09	1.65684415450334e-08	1357.85960926412	-0.247074244790391	0.103328510625356	-2.39115267698208	0.0167955668620908	0.0700426478309901
INVADER2	1229.15158321664	0.56147142146561	0.0971868345453818	5.77723746320217	7.5937078363504e-09	6.23635588280128e-08	1229.15158321664	-0.29143258715422	0.097186462052408	-2.99869530179074	0.00271138317107484	0.017213292021496
Tinker	891.315634708022	0.527505648470329	0.161489036337211	3.26651059684835	0.0010888173271928	0.00286960135315745	891.315634708022	0.301277027942989	0.161489936079526	1.86560868904317	0.0620961330678569	0.183272692961865
BAGGINS	1238.51540020886	0.613041468116921	0.120236144694208	5.09864541711684	3.42092677841057e-07	1.94380752347426e-06	1238.51540020886	-0.297421090085447	0.120235846082605	-2.4736474169368	0.0133741614480031	0.0590140391286472
DM06920	859.506859397432	0.618887596209816	0.166150816978674	3.72485436703723	0.000195428010235228	0.000615227807121497	859.506859397432	0.222806319066449	0.166151306899366	1.34098445100644	0.179925501014873	0.379193560619303
DOC2	1023.16334860275	0.706553882782543	0.183472902100959	3.85099856541078	0.000117637188082951	0.000389502031864551	1023.16334860275	-0.455819171252491	0.183472737204449	-2.48439729083323	0.0129770937419924	0.0575468468757672
Beagle2	801.611560014453	0.83807325706886	0.134013696714933	6.25363882657134	4.00997778977538e-10	4.12728275976111e-09	801.611560014453	0.380291961135554	0.134014874109135	2.83768472465125	0.00454420434890891	0.0255384666435108
JUAN	818.188106851113	0.910789578534418	0.189586796636315	4.80407704910796	1.55466957946573e-06	7.66160423054068e-06	818.188106851113	0.0738154541908883	0.189586240708738	0.389350270963447	0.697017053394434	0.842613295124813
ACCORD	731.59275949875	0.634117496203023	0.176710569793959	3.58845255800142	0.000332646508455879	0.000988329737345579	731.59275949875	0.0753234924988738	0.17671065275686	0.426253263873757	0.669923309262175	0.824998884363407
DMDM11	949.438261903907	0.5504901595814	0.197109402531665	2.79281532240942	0.0052251513717816	0.0117356461424402	949.438261903907	-0.253165298344194	0.197109333264508	-1.28439021202747	0.199005456000127	0.406301421550849
DMMDG3	784.043381123127	0.719127992298717	0.10731955809418	6.70081022573384	2.07267073691383e-11	2.77671420366112e-10	784.043381123127	-0.313052122618686	0.107317490559718	-2.91706525176793	0.00353341844751589	0.021071277717791
TABOR	902.097048717323	0.23169803558312	0.0857287473471024	2.70268775356078	0.00687813263185445	0.0149943964271798	902.097048717323	-0.0670254677151555	0.0857292096263885	-0.781827664191181	0.434315860682311	0.648587407273818
TC1-2	692.155328086013	0.459704971626336	0.0643419635693733	7.14471467956807	9.01830122371978e-13	1.56794131809016e-11	692.155328086013	-0.178790743411118	0.0643412066781813	-2.77879064819821	0.00545616770574603	0.0294862418051029
ROVER	743.805260868597	0.341541642433076	0.140095647941544	2.43791757596629	0.0147721418222017	0.0295841126666921	743.805260868597	-0.2532141835153	0.140095647938465	-1.80743789861709	0.070694029304513	0.201059172899668
DMIS176	714.601001375463	1.03310651469157	0.126163515050196	8.18863135099348	2.64213473921586e-16	8.57411200565925e-15	714.601001375463	-0.340956805896905	0.126157879728984	-2.70261997609153	0.00687953515031349	0.0353475839329029
ROXELEMENT	656.673474768904	0.351111940944317	0.0798036564261768	4.39969741573328	1.08401922665296e-05	4.47739791793328e-05	656.673474768904	-0.0603502928535431	0.0798054175443891	-0.756217995100086	0.449518505349749	0.661100254815328
BS	615.248657854344	0.196444790254413	0.257884631736704	0.761754544780242	0.446206514306349	0.543084305532625	615.248657854344	-0.983705072923502	0.257885576427481	-3.81450210031473	0.00013645777650987	0.00154876101183103
DMIFACA	640.831280923103	0.850942009248303	0.134839798843707	6.31076296868874	2.77663179425332e-10	2.96514114130726e-09	640.831280923103	-0.363280757160804	0.134836923015578	-2.69422313292356	0.00705529151752437	0.0359760669676968
TAHRE	507.207491325051	0.769758537674295	0.154119685101833	4.9945504181746	5.89729842581009e-07	3.17419001421421e-06	507.207491325051	0.489029326990166	0.154124274026309	3.17295461782151	0.00150896109333589	0.0109100302504791
GYPSY12	625.169349216922	0.625742120329703	0.0846668328802092	7.39064045557289	1.46123252298891e-13	2.95115994446553e-12	625.169349216922	-0.165019809069666	0.0846634324352413	-1.94912731887984	0.0512802219320527	0.160228223237099
DMGYPF1A	413.978482466867	0.577718212792701	0.137174401966414	4.21155991577895	2.53613265117941e-05	9.66042551175746e-05	413.978482466867	0.0495191533130191	0.137175269247745	0.360991843388221	0.718105544567273	0.85532927669171
GYPSY7	680.113174416504	0.936736316793267	0.169503881716982	5.52634138702099	3.26977594282205e-08	2.34096795050593e-07	680.113174416504	-0.605529014662607	0.169502620395399	-3.57238733684522	0.000353741682243128	0.00337582176416176
CIRC	496.291225862397	0.67727770032113	0.090047294458046	7.52135535439858	5.4211281654878e-14	1.16341065124513e-12	496.291225862397	-0.455313710877476	0.0900427640055534	-5.05663854176438	4.26710909898492e-07	1.24838618497655e-05
INVADER4	598.714055097292	0.892283845450237	0.154984110397051	5.75726016792502	8.54901012593731e-09	6.93148971399526e-08	598.714055097292	0.03025825689755	0.154982166368852	0.195237023758826	0.845207395946698	0.927480538723519
TRANSIB2	508.661767022389	0.527235115404818	0.079091002548386	6.6661832372433	2.62541441790009e-11	3.4346174919104e-10	508.661767022389	-0.166179415721785	0.0790886697938759	-2.10117853992093	0.0356252964880763	0.122855355699144
IVK	540.986004515518	0.600294403545906	0.131576140411059	4.5623347946711	5.05878954264763e-06	2.24020249379546e-05	540.986004515518	-0.404547845306696	0.131575401265538	-3.07464648722795	0.0021075219607739	0.0141807578818112
TIRANT	458.974632544555	0.520524761434676	0.163830934435554	3.17720681523326	0.00148700954059249	0.00379631803660904	458.974632544555	-0.223690100784107	0.163830567096612	-1.36537463519977	0.172135331870478	0.369046227727903
DMTNFB	480.520781412733	0.787639599341745	0.127040860780381	6.19989186552633	5.6501967723846e-10	5.69277549711998e-09	480.520781412733	-0.372593524617442	0.127036354598606	-2.93296769885059	0.00335738819842299	0.0203174330392835
DMPOGOR11	392.157693732789	0.279621380645906	0.117730750779923	2.37509213857482	0.0175445700526251	0.0344046496925194	392.157693732789	-0.438248239637601	0.117732068066623	-3.72242029579912	0.000197322206997322	0.00209547093530913
DM33463	447.21103990649	0.569798119308063	0.101837676070124	5.59516027168285	2.20418056244362e-08	1.6326811146743e-07	447.21103990649	-0.199804128499307	0.101835109057616	-1.96203578852419	0.0497583177430945	0.156607511352442
DM88	536.64446328864	0.206660017119479	0.105969349456384	1.95018671134278	0.0511538690789291	0.087649266895461	536.64446328864	-0.145643422732932	0.105969150220234	-1.37439455190726	0.169319226604686	0.365128719307201
GYPSY6	366.737010764736	0.773871399668032	0.134902843693549	5.7365091682277	9.66478204977437e-09	7.78891717935402e-08	366.737010764736	-0.299831850324475	0.13489646904029	-2.22268123441336	0.0262373021556143	0.0979558996244865
DME278684	448.57362398779	0.372532449128313	0.133459206855835	2.79135818280958	0.00524873530410327	0.0117783804994731	448.57362398779	-0.283024492015702	0.133459204435105	-2.12068169605584	0.0339485978834775	0.11860275769587
DMTRDNA	444.435836632851	0.527547354256838	0.161321219076168	3.2701671688196	0.0010748394499569	0.00283611672506882	444.435836632851	-0.0982581550133268	0.161321078178035	-0.609084418000781	0.542468485279885	0.738349144680044
GYPSY2	291.740327338326	0.727534598968828	0.140245402145134	5.18758253633109	2.13041513618638e-07	1.263133054138e-06	291.740327338326	-0.250945477726189	0.1402382459392	-1.78942253623869	0.0735467925880346	0.206884203009052
DIVER2	433.726335760784	0.54353608952662	0.0965781391111011	5.62794121453665	1.8237321597966e-08	1.37293350092796e-07	433.726335760784	-0.261039223480521	0.0965755077712843	-2.70295470875213	0.0068726110290353	0.0353274930635148
TC1	415.659666299229	0.53819280642858	0.075121954238606	7.16425460284414	7.82109305772567e-13	1.37408691434681e-11	415.659666299229	-0.0733167239557481	0.0751207916967706	-0.975984441853265	0.329072174290978	0.557276120363569
McCLINTOCK	587.957315569369	0.47851017058967	0.0627049547633549	7.63113811971544	2.32690212456699e-14	5.28194930483204e-13	587.957315569369	-0.100924157372708	0.0627053459564074	-1.60949845397345	0.107507392788687	0.270132276185819
GTWIN	313.619700926295	0.539169178876105	0.230325793354667	2.34089795599169	0.0192374242763041	0.0373138492055978	313.619700926295	0.0709194845662679	0.230326387474932	0.307908639317268	0.75815185174454	0.879064283915055
INVADER	429.050081681643	0.54453635237192	0.11019019657716	4.94178583292221	7.74102232412884e-07	4.07309990057468e-06	429.050081681643	-0.272898868658122	0.110188379454771	-2.47665742983487	0.0132619123528143	0.0586930712204987
G4_DM	352.768892753594	0.594607481928798	0.10042222976075	5.9210742815153	3.19845341315186e-09	2.81522858023965e-08	352.768892753594	-0.227037067332414	0.100416676766302	-2.26094982072344	0.0237623645264772	0.0911367796095811
DMHFL1	374.023948435125	0.383791842422644	0.146928541722081	2.61209862920028	0.0089988288853767	0.0190582524256817	374.023948435125	-0.182959413199804	0.146928614689575	-1.24522655839608	0.213048482774896	0.424446165206432
STALKER4	416.507081943899	0.786725869916018	0.107186420466071	7.33979049300421	2.13928461240038e-13	4.1636933496088e-12	416.507081943899	-0.101200516665055	0.107177092119795	-0.944236447019298	0.345048834151998	0.5706722457391
GYPSY10	382.094278925598	0.39512772361352	0.083737995012662	4.71861935019787	2.37450645778166e-06	1.12898831225252e-05	382.094278925598	-0.172631090412301	0.0837383765910249	-2.06155286787353	0.0392503252203733	0.131754167259953
G5_DM	361.298173352767	0.495272010122994	0.164096995641912	3.01816622653936	0.00254309369374048	0.0061394960438565	361.298173352767	-0.694259035831064	0.16410039710936	-4.23069686643352	2.32968449274449e-05	0.000364302709567179
TARTC	361.366597003521	0.207725747661787	0.242982992882954	0.854898300482492	0.392607451557694	0.489432319564231	361.366597003521	-0.730541564405874	0.242984252792476	-3.00653872014416	0.00264240398766391	0.0168634564749721
INVADER6	333.248409245072	0.75636218976839	0.119275795737157	6.34128814730487	2.27851921530107e-10	2.48076562773414e-09	333.248409245072	0.0445135838561328	0.119270735243695	0.373214634463199	0.708988705073811	0.84969992663345
DMBARI1	279.583219146002	1.69377982280783	0.210103215320184	8.06165588768654	7.52678298306942e-16	2.25129951864962e-14	279.583219146002	0.227365590453287	0.210068548794384	1.08233998739066	0.2791014839393	0.504509137723464
DMTHB1	322.603515543272	0.392890721767882	0.0746128799134361	5.26572251632297	1.39639067588947e-07	8.60753496387378e-07	322.603515543272	-0.146839247050572	0.0746147491290432	-1.96796543263343	0.049072015159647	0.155325010105227
QBERT	307.09186540406	0.752955122833949	0.113015461293158	6.66240808309239	2.69376795715852e-11	3.51715601437592e-10	307.09186540406	-0.384939275047695	0.113002721891736	-3.4064602038214	0.000658111440621044	0.00565122027045816
INVADER3	319.537055815692	0.344172274084817	0.0874280568001971	3.9366341501947	8.26324358214154e-05	0.000283981431656508	319.537055815692	-0.125860859469857	0.0874304397883648	-1.43955423047759	0.149993556633202	0.338124068822444
G5A	312.190120887616	0.120525413579845	0.0843192391911791	1.42939398808586	0.152891025383337	0.224164163765239	312.190120887616	-0.270433051514419	0.0843106424086502	-3.20757906461727	0.00133857260850093	0.0099592185729869
TRANSIB3	283.666200368831	0.775367431145268	0.109879308455023	7.05653723205448	1.70702918682708e-12	2.79351043180882e-11	283.666200368831	-0.276070438253804	0.109859229851069	-2.51294714725434	0.0119727270481718	0.053879286648959
GYPSY3	213.342186244308	1.01529316425897	0.122006547062742	8.3216285412688	8.67628556579795e-17	3.02088380246663e-15	213.342186244308	-0.346282382296839	0.121941500237032	-2.83974185674056	0.00451500543771638	0.0254492507176509
STALKER	242.464853966653	0.801891049376368	0.126268200231834	6.35069675424263	2.1434186766869e-10	2.34321403984496e-09	242.464853966653	-0.0345275134096249	0.126252337645026	-0.273480190970429	0.784484117480921	0.894996610538479
DOC5	183.875208424231	1.45878915497048	0.134759347325329	10.8251426259045	2.61671441348484e-27	4.42854072256865e-25	183.875208424231	-0.469117302623101	0.134549765681789	-3.48657093712497	0.000489255609943334	0.00444385020716194
JOCKEY2	184.127329015861	0.337257705043758	0.091494000310748	3.68611825800931	0.000227700574590106	0.000706022984130246	184.127329015861	-0.075186042290896	0.0915060918692738	-0.821650676528808	0.411275738508992	0.629455405441532
FB	184.672335002908	0.677391935894804	0.2959856712869	2.28859705589668	0.0221027751219816	0.0421560775151061	184.672335002908	-0.663575720337683	0.295986397122344	-2.24191289460981	0.0249670024949985	0.094643839908741
DMAURA	189.099696277553	0.555292687513463	0.176522350259672	3.1457358611904	0.00165669552734076	0.00418319531643927	189.099696277553	-0.173831734099278	0.176520151675566	-0.984769911249405	0.324737103370891	0.553439779741085
FW2	205.392833394888	0.4103641390479	0.0986650895380143	4.15916248563067	3.19416624656185e-05	0.000118958224837136	205.392833394888	-0.17422597956975	0.0986652809429696	-1.76582864716572	0.0774246008506551	0.214142927880277
MARINER2	159.829384728115	0.331986387988058	0.0899700775026121	3.6899644548869	0.000224285388421769	0.00069672296542729	159.829384728115	-0.0880787096870775	0.0899842903602159	-0.978823184963618	0.327667351858032	0.556237472278149
G2	107.529898497117	0.984263633486209	0.150292810666922	6.54897349459732	5.79339116940779e-11	7.09969201970506e-10	107.529898497117	-0.783468641765779	0.150250063197109	-5.21443136258763	1.84381956702284e-07	6.10194742848895e-06
DOC4	162.365820886794	0.481286244170119	0.194438019867854	2.47526818313216	0.0133136160912518	0.0269865141206848	162.365820886794	-0.225695798295644	0.194436961392654	-1.16076591960242	0.245737105987698	0.464382347287001
HEL	145.306402946146	0.667817863502325	0.139860646204465	4.77488043724629	1.79814053277641e-06	8.77734170252667e-06	145.306402946146	-0.178991891401412	0.139841167949374	-1.27996564978785	0.200557216967546	0.408259742822183
FROGGER	125.767513606419	0.0829463730076141	0.101965623942057	0.813473892483113	0.415946408852734	0.513310271955053	125.767513606419	-0.184122872311365	0.101927290397735	-1.80641388182587	0.0708537148216358	0.201427634949026
BS3	111.393048184685	0.79916946444599	0.123974381177656	6.44624685241036	1.14653866413217e-10	1.3236542210079e-09	111.393048184685	-0.112401269804741	0.123882221810533	-0.907323651142196	0.364235670640424	0.58849920440634
TC3	120.67173730659	0.599518646484645	0.0931215316513439	6.43802390116714	1.21038944111003e-10	1.38789938487488e-09	120.67173730659	-0.260989979554937	0.0930591138811486	-2.80456119417022	0.00503851222439216	0.027733597546366
G6_DM	90.1918606825879	1.71963703093968	0.496958610613706	3.46032243775001	NA	NA	90.1918606825879	0.910550608212278	0.496948662359295	1.83228304487104	NA	NA
HOPPER2	104.758470951855	0.813616633793409	0.154182239821947	5.27698024579869	1.3133003720979e-07	8.1706961260814e-07	104.758470951855	0.140531703211698	0.154162005868809	0.91158455301425	0.36198745696333	0.586567967470575
TRANSIB4	84.6973878101718	0.384561058228356	0.0987060215663076	3.89602429645105	9.77845838570427e-05	0.000330647416835777	84.6973878101718	-0.266511589174554	0.0987037147499778	-2.70011711159649	0.00693150716731616	0.035486350352976
RT1C	68.0756404224255	0.360597631000685	0.120929102689139	2.98189288584765	0.00286472209258067	0.0068456361711892	68.0756404224255	-0.342949576036184	0.120941007902727	-2.83567651686862	0.00457287371910316	0.025656450534792
DMTOM1_LTR	59.4910628411509	0.417490915191788	0.105976273173964	3.93947534375418	8.16599935415733e-05	0.000280883486918146	59.4910628411509	-0.228303076191801	0.105961197897729	-2.15459131003928	0.0311938296569973	0.111216400670414
GYPSY8	75.7230226414784	0.517979790413909	0.112646308182179	4.59828465550949	4.25983711616077e-06	1.91249235201711e-05	75.7230226414784	-0.102179685799723	0.112631136153951	-0.907206384387856	0.364297668200602	0.58852825324336
GYPSY5	75.2212931778273	1.13193688889601	0.17883836738405	6.32938505005031	2.4614018007318e-10	2.6646916660554e-09	75.2212931778273	0.118686764700011	0.178649351191691	0.664355979511283	0.506462500249584	0.707888672405423
INE1	70.103112214889	0.423055375661447	0.103148772052564	4.10140971378565	4.10640730267494e-05	0.000149395008535412	70.103112214889	-0.0578410247819075	0.103201576425691	-0.560466484962614	0.575161293802101	0.76057771882173
DMZAM	71.7165350450491	1.38836933923948	0.135083635374932	10.2778499807618	8.86838200320955e-25	1.05866310163314e-22	71.7165350450491	-0.730782698986177	0.134084396976913	-5.45016956083267	5.03218192483142e-08	1.97373064829137e-06
LOOPER1_DM	61.6156796659417	0.722464604437325	0.16472316805111	4.38593194257385	1.15490230075307e-05	4.74525008023005e-05	61.6156796659417	-0.459789602953509	0.164654427406004	-2.7924521083163	0.00523102104873755	0.028546429151682
S2	60.9300038778606	0.32579507922541	0.118658336015428	2.74565690170348	0.00603898827492344	0.0133699740413523	60.9300038778606	-0.233693249962093	0.118658191893348	-1.96946579273802	0.0488996269850108	0.15492606938142
GYPSY11	71.9136314182692	0.583834032718079	0.131321844976748	4.445825695043	8.75549197691144e-06	3.68463732235776e-05	71.9136314182692	-0.486371331857169	0.131319896993342	-3.70371393058456	0.000212465845016829	0.0022258744898898
G3	57.5264511287937	0.509463077799566	0.132193420026835	3.85392160741544	0.000116240827383439	0.000385546976461567	57.5264511287937	-0.38119880791021	0.132178750704042	-2.88396437309157	0.00392703178366817	0.022788374543248
TRANSIB1	61.3598914506754	0.803706362331939	0.159757507082325	5.03078933197036	4.88464640475404e-07	2.67764339612798e-06	61.3598914506754	-0.232491971847558	0.159597901375872	-1.45673577060397	0.145189331678749	0.330766039587293
DMREPG	25.6536467055499	1.6331304313349	0.405465710517375	4.02778925313073	5.63037771097699e-05	0.000199465156321575	25.6536467055499	0.373717761179241	0.405012337377486	0.922731795280901	0.356146992040125	0.581281409152893
GYPSY9	47.3544264486682	0.245680879675405	0.147688620052908	1.66350582453402	0.0962112259173767	0.150678703351918	47.3544264486682	-0.0588401079889651	0.147726093705399	-0.398305448367886	0.690405044807786	0.838807965793834
R1-2	51.111958158964	0.528408918755253	0.146870148426844	3.5977965870883	0.000320924446566178	0.000956565027984672	51.111958158964	-0.283349527695685	0.146825434429401	-1.92983953220945	0.0536267235706113	0.165471796477977
FW3	37.3823625197672	0.4744715417075	0.132591242085967	3.57845310325905	0.000345633870437366	0.00102205703806245	37.3823625197672	-0.202356594128082	0.132535923128604	-1.52680563390899	0.126809350241055	0.301841020602263
AF541951	39.0826268571605	0.427220013557098	0.164328078412094	2.59979924116033	0.00932783127330245	0.019680148985964	39.0826268571605	-0.613053304415903	0.164535544037272	-3.72596272740333	0.00019457115651291	0.00207456647445893
OSV	35.5975869129391	-0.0183462699362704	0.149419253899923	-0.12278384115449	0.902278270321065	0.930176611472946	35.5975869129391	-0.194516846649858	0.149109990876049	-1.30451920429366	0.192056616034485	0.397553329676585
INVADER5	19.9948157048751	0.505588747188364	0.207454126404646	2.43711106619396	0.01480513123755	0.0296279905172943	19.9948157048751	-0.188679948352496	0.207380264735704	-0.909825959538432	0.362914301828924	0.587571350866156
Q	19.5519847119	0.670400998054972	0.184504546685982	3.63352020368346	0.000279580543900279	0.000847040986165134	19.5519847119	-0.256295615219356	0.184002134528015	-1.39289479373042	0.163651607031142	0.356529572430564
STALKER3	7.86733627118541	1.80796920734832	0.306276771971957	5.90305688448964	3.56827169088049e-09	3.12019571661689e-08	7.86733627118541	-0.537613715295361	0.285989952459107	-1.87983427624869	0.0601306674559227	0.179461626073447
BS4	7.44083091752356	-0.153975414037076	0.274415660372518	-0.561102867919618	0.574727413183069	0.661795324628165	7.44083091752356	-0.352686961415018	0.272309824837916	-1.29516796400917	0.195262293589138	0.402382377510291
