start	MeanSel	MeanCont	dFreq_mean	dFreq_med	totalSmore	chanceSmore	chanceCmore	chanceEqual	Direction
0.028943308	0.02896765	0.0288413875	0.0001262625	0.000625000000000001	2569	0.5138	0.4852	0.001	S>C
0.032267499	0.032124375	0.032371125	-0.00024675	0.000562500000000004	2558	0.5116	0.4876	8e-04	S>C
0.03386124	0.03407175	0.0340892875	-1.75374999999999e-05	0.000843750000000001	2576	0.5152	0.483	0.0018	S>C
0.038847545	0.0390098125	0.0389848375	2.49750000000001e-05	0.001125	2601	0.5202	0.479	8e-04	S>C
0.039289337	0.0391555375	0.0391492125	6.32500000000009e-06	0.000437500000000007	2542	0.5084	0.49	0.0016	S>C
0.039390748	0.0392740125	0.0393237	-4.96874999999999e-05	0.000593749999999997	2566	0.5132	0.4864	4e-04	S>C
0.039934363	0.0395911625	0.0402542375	-0.000663075	0.0001875	2513	0.5026	0.4964	0.001	S>C
0.040227669	0.0402993125	0.0403292375	-2.99249999999999e-05	0.000937499999999997	2593	0.5186	0.48	0.0014	S>C
0.041266292	0.041282625	0.0412742375	8.3875e-06	0.000875000000000001	2586	0.5172	0.4818	0.001	S>C
0.042469817	0.042306175	0.0428050625	-0.0004988875	-0.0001875	2473	0.4946	0.5048	6e-04	C>S
0.043049142	0.04272705	0.043062125	-0.000335075	0.000750000000000001	2567	0.5134	0.4856	0.001	S>C
0.043489488	0.043503475	0.0437180625	-0.0002145875	0.000375	2547	0.5094	0.4894	0.0012	S>C
0.044010734	0.04409135	0.0442005375	-0.0001091875	0.000687500000000001	2569	0.5138	0.485	0.0012	S>C
0.044294076	0.0444003375	0.04509665	-0.0006963125	0.000125	2510	0.502	0.497	0.001	S>C
0.045840808	0.0460154	0.045794525	0.000220875	0.00109375	2599	0.5198	0.4798	4e-04	S>C
0.045900107	0.045570175	0.04614055	-0.000570375	0	2496	0.4992	0.4992	0.0016	Same
0.047142602	0.0469701125	0.0472509125	-0.0002808	0.000687500000000001	2545	0.509	0.4904	6e-04	S>C
0.047730765	0.047645175	0.0471912125	0.0004539625	0.0018125	2657	0.5314	0.4672	0.0014	S>C
0.049876627	0.050235	0.0493242125	0.0009107875	0.0018125	2661	0.5322	0.466	0.0018	S>C
0.049878979	0.0500336875	0.050050725	-1.70375e-05	0.000687500000000004	2563	0.5126	0.4868	6e-04	S>C
0.050113114	0.04997195	0.05030265	-0.0003307	0.0003125	2519	0.5038	0.4962	0	S>C
0.05023462	0.050316025	0.050405875	-8.98500000000001e-05	0.000968749999999997	2593	0.5186	0.4808	6e-04	S>C
0.050242394	0.0498748375	0.050237575	-0.0003627375	0.000937500000000001	2577	0.5154	0.4834	0.0012	S>C
0.051264475	0.0513316375	0.051633825	-0.0003021875	0.000625000000000001	2551	0.5102	0.4886	0.0012	S>C
0.053166512	0.0532604625	0.053130425	0.0001300375	0.000812500000000004	2580	0.516	0.4832	8e-04	S>C
0.055263389	0.055033575	0.0549081625	0.0001254125	0.00125	2596	0.5192	0.4798	0.001	S>C
0.056032171	0.05586005	0.0561549625	-0.0002949125	0.0005625	2553	0.5106	0.489	4e-04	S>C
0.058464655	0.059094325	0.05860445	0.000489875	0.000875000000000004	2576	0.5152	0.4836	0.0012	S>C
0.059732623	0.0598628375	0.06001765	-0.0001548125	0.000937500000000008	2575	0.515	0.4836	0.0014	S>C
0.064583333	0.0648578	0.06499625	-0.00013845	0.0011875	2593	0.5186	0.4808	6e-04	S>C
0.064900099	0.064917225	0.0651412	-0.000223975	0.000531249999999997	2555	0.511	0.488	0.001	S>C
0.064901843	0.064992625	0.0648515375	0.0001410875	0.000625000000000001	2538	0.5076	0.4912	0.0012	S>C
0.065207148	0.0652128375	0.065016025	0.0001968125	0.000281250000000004	2522	0.5044	0.4952	4e-04	S>C
0.066101652	0.0659305	0.0658650375	6.54625000000001e-05	0.000406249999999997	2521	0.5042	0.4944	0.0014	S>C
0.066256251	0.065880725	0.0660973125	-0.0002165875	0.001125	2597	0.5194	0.4798	8e-04	S>C
0.066481013	0.0661983625	0.0665213875	-0.000323025	0.000218749999999993	2513	0.5026	0.4968	6e-04	S>C
0.069125101	0.06911185	0.0687000125	0.0004118375	0.0005625	2542	0.5084	0.4906	0.001	S>C
0.070268034	0.0700912375	0.0707908	-0.0006995625	-0.00025	2483	0.4966	0.503	4e-04	C>S
0.070869081	0.0709050125	0.070652875	0.0002521375	0.000375000000000007	2526	0.5052	0.4946	2e-04	S>C
0.072001216	0.0719198	0.0722443	-0.0003245	0.000562500000000007	2544	0.5088	0.4908	4e-04	S>C
0.078385906	0.07832665	0.078857725	-0.000531075	0.000437500000000007	2536	0.5072	0.4916	0.0012	S>C
0.07891631	0.0787741375	0.079070475	-0.0002963375	0.000312500000000007	2524	0.5048	0.495	2e-04	S>C
0.079705675	0.08012175	0.079329525	0.000792225	0.00231250000000001	2651	0.5302	0.4694	4e-04	S>C
0.081120362	0.0810869	0.081396775	-0.000309875	0.001	2566	0.5132	0.4864	4e-04	S>C
0.081233304	0.081053575	0.08115485	-0.000101275	0.000562499999999994	2541	0.5082	0.4906	0.0012	S>C
0.08901289	0.0889853875	0.0888557875	0.0001296	0.000406249999999997	2521	0.5042	0.4944	0.0014	S>C
0.089251431	0.0893401875	0.0890529875	0.0002872	0.00137500000000001	2597	0.5194	0.4796	0.001	S>C
0.092303933	0.0921555625	0.09212035	3.52124999999998e-05	0.000375	2523	0.5046	0.4946	8e-04	S>C
0.097026101	0.096889775	0.0970774	-0.000187625	0.000218750000000004	2513	0.5026	0.4968	6e-04	S>C
0.098361336	0.0982361125	0.097739325	0.0004967875	0.001375	2595	0.519	0.4808	2e-04	S>C
0.101556893	0.1013401625	0.1019267875	-0.000586625	0.000125000000000007	2514	0.5028	0.497	2e-04	S>C
0.103013519	0.10289965	0.1038328625	-0.0009332125	-0.000625000000000001	2469	0.4938	0.506	2e-04	C>S
0.115699178	0.1156673	0.1154244	0.0002429	0.000312500000000007	2528	0.5056	0.4942	2e-04	S>C
0.132689038	0.1330204625	0.1330163625	4.10000000000032e-06	0.000625000000000014	2540	0.508	0.4916	4e-04	S>C
0.133701378	0.1339170125	0.1337513625	0.00016565	0.000218749999999997	2510	0.502	0.4976	4e-04	S>C
0.163982737	0.1639041125	0.1639659875	-6.18750000000002e-05	0.000187500000000007	2510	0.502	0.4976	4e-04	S>C
0.169721559	0.169417275	0.169719375	-0.0003021	-0.000281249999999997	2488	0.4976	0.502	4e-04	C>S
0.180798208	0.180228225	0.180931675	-0.00070345	-0.000281249999999997	2481	0.4962	0.503	8e-04	C>S
0.203472661	0.2034014625	0.2035713125	-0.00016985	-0.000406249999999997	2483	0.4966	0.503	4e-04	C>S
0.203608654	0.2030303375	0.2035371625	-0.000506825	0.00021874999999999	2512	0.5024	0.4964	0.0012	S>C
0.206207619	0.2066234875	0.206343575	0.0002799125	0.00068749999999998	2529	0.5058	0.4936	6e-04	S>C
0.210861139	0.2109583375	0.210296325	0.0006620125	0.001	2539	0.5078	0.4922	0	S>C
0.230473422	0.2304691	0.2304563625	1.27374999999999e-05	0.000375000000000014	2515	0.503	0.4964	6e-04	S>C
0.232203123	0.2315305	0.23236315	-0.00083265	0.000218750000000004	2508	0.5016	0.498	4e-04	S>C
0.259964497	0.2601473625	0.259931825	0.0002155375	0.00153124999999998	2564	0.5128	0.4872	0	S>C
0.271247672	0.2713205375	0.2719251375	-0.0006046	-0.000531249999999983	2477	0.4954	0.5044	2e-04	C>S
0.285167026	0.2847525	0.2851236125	-0.0003711125	0.000312499999999993	2516	0.5032	0.496	8e-04	S>C
0.30127772	0.3012295875	0.301585275	-0.000355687500000001	0.000437500000000007	2518	0.5036	0.4962	2e-04	S>C
0.339695919	0.3394055625	0.33995675	-0.0005511875	0.000375000000000014	2512	0.5024	0.4976	0	S>C
0.343356694	0.3440632625	0.3438309625	0.0002323	0.000312499999999993	2508	0.5016	0.4982	2e-04	S>C
0.343700728	0.3430757	0.3433748875	-0.0002991875	-0.000187500000000007	2488	0.4976	0.5018	6e-04	C>S
0.371868338	0.3718042875	0.3729241625	-0.001119875	-0.00156250000000002	2441	0.4882	0.511	8e-04	C>S
0.381922383	0.3811582125	0.3820685625	-0.00091035	-0.000812499999999994	2467	0.4934	0.5062	4e-04	C>S
0.399414475	0.39898825	0.3993162125	-0.0003279625	0.000187500000000007	2512	0.5024	0.4974	2e-04	S>C
0.400260348	0.4004207375	0.4007940125	-0.000373275	-0.000656249999999997	2476	0.4952	0.5046	2e-04	C>S
0.408076897	0.408635275	0.4068321375	0.0018031375	0.000781250000000011	2525	0.505	0.4946	4e-04	S>C
0.501616326	0.50182645	0.5009337125	0.0008927375	0.000562500000000021	2521	0.5042	0.495	8e-04	S>C
0.51	0.510491925	0.5109838625	-0.0004919375	-0.000874999999999959	2466	0.4932	0.506	8e-04	C>S
0.513517813	0.513663225	0.5141730375	-0.0005098125	-0.00159375000000003	2440	0.488	0.5118	2e-04	C>S
0.58774894	0.5877717375	0.5882960375	-0.0005243	-0.00109375	2460	0.492	0.5078	2e-04	C>S
0.68145031	0.6814187875	0.6815732	-0.000154412499999999	-9.37500000000591e-05	2495	0.499	0.5002	8e-04	C>S
0.729833811	0.730319575	0.729499725	0.000819850000000001	6.24999999999654e-05	2502	0.5004	0.499	6e-04	S>C
0.738917284	0.739250025	0.7385576	0.000692425	-0.000250000000000083	2488	0.4976	0.5018	6e-04	C>S
0.794686472	0.7950359125	0.7945997625	0.000436149999999999	-0.000312499999999938	2483	0.4966	0.5032	2e-04	C>S
0.806629179	0.8063029	0.8070592625	-0.0007563625	-0.00165624999999997	2427	0.4854	0.5144	2e-04	C>S
0.850355921	0.849966675	0.8501614375	-0.000194762500000001	-0.00131250000000005	2421	0.4842	0.5148	0.001	C>S
0.85825607	0.857965975	0.85860205	-0.000636075000000001	-0.00131249999999994	2435	0.487	0.5126	4e-04	C>S
0.872349726	0.8724061125	0.872675825	-0.000269712500000002	-0.00109374999999995	2435	0.487	0.5126	4e-04	C>S
0.876635688	0.8767344375	0.8762432375	0.000491199999999999	0	2499	0.4998	0.4998	4e-04	Same
0.877218834	0.8776047625	0.8772409	0.000363862499999999	-0.000281249999999955	2479	0.4958	0.5024	0.0018	C>S
0.88573934	0.885586825	0.8863670625	-0.0007802375	-0.00121875000000005	2423	0.4846	0.5146	8e-04	C>S
0.932031449	0.9321070875	0.9320367125	7.03749999999997e-05	-0.000375000000000014	2462	0.4924	0.5066	0.001	C>S
0.942777188	0.942743975	0.9425080375	0.000235937499999999	-0.00118750000000001	2407	0.4814	0.5174	0.0012	C>S
0.943099815	0.943435775	0.9432267375	0.0002090375	-0.000937500000000036	2402	0.4804	0.519	6e-04	C>S
0.952971631	0.9531488125	0.9532397625	-9.09500000000013e-05	-0.00140625	2380	0.476	0.5226	0.0014	C>S
0.954716644	0.9548541625	0.9545699375	0.000284225	-0.000562500000000021	2439	0.4878	0.5118	4e-04	C>S
0.970602022	0.9704826	0.9705935125	-0.000110912500000001	-0.00112500000000004	2377	0.4754	0.523	0.0016	C>S
0.978240844	0.978191425	0.9784365875	-0.0002451625	-0.00118750000000001	2338	0.4676	0.5312	0.0012	C>S
0.983153455	0.983161675	0.9829892	0.000172475000000001	-0.000500000000000056	2412	0.4824	0.516	0.0016	C>S
0.989690722	0.9897295625	0.98961615	0.000113412500000001	-0.000687499999999952	2330	0.466	0.5308	0.0032	C>S
0.990537705	0.990447975	0.9905956	-0.000147625	-0.001	2271	0.4542	0.543	0.0028	C>S
0.99136251	0.9913553375	0.9913316125	2.37250000000007e-05	-0.000687499999999952	2324	0.4648	0.5324	0.0028	C>S
0.993150685	0.9932396625	0.9932229125	1.67500000000007e-05	-0.000812500000000049	2242	0.4484	0.545	0.0066	C>S
0.993630573	0.993540425	0.993420725	0.000119700000000002	-0.000624999999999987	2269	0.4538	0.537	0.0092	C>S
0.994413408	0.9944235625	0.994446675	-2.31124999999974e-05	-0.000874999999999959	2116	0.4232	0.5586	0.0182	C>S
0.996753247	0.9967291125	0.99681115	-8.20374999999973e-05	-0.000499999999999945	1886	0.3772	0.5524	0.0704	C>S
0.997167722	0.9971536375	0.9972022875	-4.86499999999986e-05	-0.000312499999999938	1834	0.3668	0.5326	0.1006	C>S
1	1	1	0	0	0	0	0	1	Same
1	1	1	0	0	0	0	0	1	Same
