start	MeanSel	MeanCont	dFreq_mean	dFreq_med	totalSmore	chanceSmore	chanceCmore	chanceEqual	Direction
0.028943308	0.02897456875	0.028788775	0.00018579375	0.000484375000000002	2596	0.5192	0.4804	4e-04	S>C
0.032267499	0.03222845	0.03207134375	0.00015710625	0.0004375	2559	0.5118	0.4872	0.001	S>C
0.03386124	0.0336829	0.03390435625	-0.00022145625	0.000187499999999998	2528	0.5056	0.494	4e-04	S>C
0.038847545	0.0391878375	0.0388216375	0.0003662	0.000906249999999999	2618	0.5236	0.4756	8e-04	S>C
0.039289337	0.0392255	0.03923335625	-7.85624999999999e-06	0.0004375	2559	0.5118	0.4874	8e-04	S>C
0.039390748	0.03915569375	0.03925929375	-0.0001036	0.000546874999999999	2572	0.5144	0.4852	4e-04	S>C
0.039934363	0.039795675	0.03975309375	4.258125e-05	0.00025	2538	0.5076	0.4916	8e-04	S>C
0.040227669	0.0402311375	0.03996499375	0.00026614375	0.000812500000000001	2602	0.5204	0.4788	8e-04	S>C
0.041266292	0.0411898125	0.041082275	0.0001075375	0.000468749999999997	2559	0.5118	0.4874	8e-04	S>C
0.042469817	0.0425111125	0.042405	0.0001061125	0.0005625	2577	0.5154	0.4836	0.001	S>C
0.043049142	0.0431051125	0.043099825	5.2874999999999e-06	0.000453124999999999	2558	0.5116	0.4874	0.001	S>C
0.043489488	0.0435438375	0.04369489375	-0.00015105625	0.000187500000000007	2525	0.505	0.494	0.001	S>C
0.044010734	0.04432040625	0.04382268125	0.000497725	0.0011875	2663	0.5326	0.4666	8e-04	S>C
0.044294076	0.04412000625	0.04394368125	0.000176325	0.0004375	2568	0.5136	0.4852	0.0012	S>C
0.045840808	0.04581715625	0.046025875	-0.00020871875	0.0001875	2531	0.5062	0.4934	4e-04	S>C
0.045900107	0.04588360625	0.0458029875	8.061875e-05	0.000656249999999997	2582	0.5164	0.4826	0.001	S>C
0.047142602	0.0474097375	0.04707595	0.0003337875	0.000843750000000004	2612	0.5224	0.4772	4e-04	S>C
0.047730765	0.04772708125	0.04764654375	8.05375e-05	0.000531250000000004	2580	0.516	0.4834	6e-04	S>C
0.049876627	0.05003514375	0.05014135	-0.00010620625	0.0001875	2524	0.5048	0.4952	0	S>C
0.049878979	0.0499092875	0.04969424375	0.00021504375	0.000531250000000004	2568	0.5136	0.4842	0.0022	S>C
0.050113114	0.05012529375	0.0500947125	3.05812500000001e-05	0.000406250000000004	2552	0.5104	0.4884	0.0012	S>C
0.05023462	0.0502936	0.05004690625	0.00024669375	0.000718750000000004	2588	0.5176	0.482	4e-04	S>C
0.050242394	0.05043534375	0.0502022375	0.00023310625	0.000687500000000001	2588	0.5176	0.4818	6e-04	S>C
0.051264475	0.05140500625	0.0516379	-0.00023289375	0.000437499999999997	2552	0.5104	0.4892	4e-04	S>C
0.053166512	0.05308003125	0.0534201875	-0.00034015625	9.37500000000036e-05	2506	0.5012	0.498	8e-04	S>C
0.055263389	0.0550425625	0.0556064125	-0.00056385	-0.000218749999999993	2478	0.4956	0.5038	6e-04	C>S
0.056032171	0.05629866875	0.0558569625	0.00044170625	0.000625000000000001	2563	0.5126	0.4872	2e-04	S>C
0.058464655	0.05841540625	0.05845861875	-4.32124999999999e-05	0.0004375	2560	0.512	0.4874	6e-04	S>C
0.059732623	0.0598108875	0.0599906375	-0.00017975	0.000312500000000004	2533	0.5066	0.4928	6e-04	S>C
0.064583333	0.0644220875	0.06488435	-0.0004622625	-0.000312499999999997	2470	0.494	0.5054	6e-04	C>S
0.064900099	0.0648398125	0.0647048125	0.000135	0.000171875000000005	2522	0.5044	0.4946	0.001	S>C
0.064901843	0.06501380625	0.06492530625	8.85000000000001e-05	0.000546875000000002	2563	0.5126	0.4868	6e-04	S>C
0.065207148	0.065197	0.06531853125	-0.00012153125	0.000312500000000004	2533	0.5066	0.4928	6e-04	S>C
0.066101652	0.0661278625	0.0660148375	0.000113025	0.000390625000000006	2541	0.5082	0.4908	0.001	S>C
0.066256251	0.06620470625	0.0662883375	-8.36312499999999e-05	0.000375	2537	0.5074	0.4916	0.001	S>C
0.066481013	0.0666863875	0.0660440375	0.00064235	0.00121875	2633	0.5266	0.4726	8e-04	S>C
0.069125101	0.068875475	0.0688017	7.37750000000002e-05	0.000390624999999999	2551	0.5102	0.489	8e-04	S>C
0.070268034	0.07034276875	0.070394625	-5.185625e-05	0.000156249999999997	2520	0.504	0.4952	8e-04	S>C
0.070869081	0.0709632375	0.07077514375	0.00018809375	0.000625000000000001	2554	0.5108	0.4888	4e-04	S>C
0.072001216	0.0718777125	0.0720114375	-0.000133725	0.000218749999999997	2523	0.5046	0.4948	6e-04	S>C
0.078385906	0.0782165125	0.07815540625	6.110625e-05	-0.000156250000000004	2482	0.4964	0.5036	0	C>S
0.07891631	0.07873793125	0.078936575	-0.00019864375	0.000140624999999998	2506	0.5012	0.4982	6e-04	S>C
0.079705675	0.07991846875	0.07987190625	4.65625e-05	0.000156249999999997	2512	0.5024	0.4974	2e-04	S>C
0.081120362	0.0811055125	0.0813717	-0.0002661875	-6.25000000000001e-05	2493	0.4986	0.501	4e-04	C>S
0.081233304	0.08111274375	0.08112639375	-1.36499999999999e-05	0.000265624999999999	2525	0.505	0.4944	6e-04	S>C
0.08901289	0.08922310625	0.08916884375	5.42624999999999e-05	0.000234375000000002	2531	0.5062	0.4928	0.001	S>C
0.089251431	0.08937210625	0.08856394375	0.0008081625	0.00131250000000001	2622	0.5244	0.4748	8e-04	S>C
0.092303933	0.092263275	0.092516775	-0.0002535	0.000109374999999995	2505	0.501	0.4984	6e-04	S>C
0.097026101	0.09734115	0.09710344375	0.00023770625	0.000125	2513	0.5026	0.497	4e-04	S>C
0.098361336	0.0985559125	0.09879346875	-0.00023755625	0.000343749999999997	2528	0.5056	0.494	4e-04	S>C
0.101556893	0.101452775	0.1020807875	-0.0006280125	-0.000156249999999997	2483	0.4966	0.5028	6e-04	C>S
0.103013519	0.10287743125	0.10289546875	-1.80374999999999e-05	0.0003125	2522	0.5044	0.4946	0.001	S>C
0.115699178	0.1160917125	0.11598805625	0.00010365625	0.000109374999999995	2508	0.5016	0.498	4e-04	S>C
0.132689038	0.13251374375	0.1323465875	0.00016715625	0.000375	2530	0.506	0.4938	2e-04	S>C
0.133701378	0.13401353125	0.13357006875	0.0004434625	0.000843750000000004	2571	0.5142	0.4858	0	S>C
0.163982737	0.16399120625	0.16411265625	-0.00012145	0.000234374999999995	2516	0.5032	0.496	8e-04	S>C
0.169721559	0.1695325625	0.16912333125	0.00040923125	-6.24999999999931e-05	2495	0.499	0.5006	4e-04	C>S
0.180798208	0.1814266875	0.18010166875	0.00132501875	0.00118750000000001	2577	0.5154	0.4838	8e-04	S>C
0.203472661	0.203925575	0.20368249375	0.00024308125	0.000734375000000009	2552	0.5104	0.4896	0	S>C
0.203608654	0.2037281375	0.20368659375	4.15437500000001e-05	1.56249999999913e-05	2500	0.5	0.5	0	Same
0.206207619	0.20618096875	0.20639215625	-0.0002111875	-0.000187500000000007	2492	0.4984	0.5016	0	C>S
0.210861139	0.2108229875	0.21087735	-5.43624999999997e-05	1.56250000000052e-05	2500	0.5	0.4998	2e-04	Same
0.230473422	0.2304561	0.23008498125	0.00037111875	0.000656249999999997	2536	0.5072	0.4922	6e-04	S>C
0.232203123	0.23202299375	0.23184495625	0.0001780375	0.000718750000000004	2545	0.509	0.4906	4e-04	S>C
0.259964497	0.26000238125	0.259430275	0.00057210625	0.000750000000000001	2544	0.5088	0.4912	0	S>C
0.271247672	0.2713439125	0.27129943125	4.44812499999997e-05	0.000156249999999997	2507	0.5014	0.4984	2e-04	S>C
0.285167026	0.28511063125	0.2852394375	-0.00012880625	0.000437500000000007	2523	0.5046	0.495	4e-04	S>C
0.30127772	0.3006052625	0.3010020125	-0.00039675	0.000312499999999993	2523	0.5046	0.4952	2e-04	S>C
0.339695919	0.33965038125	0.34004168125	-0.0003913	0.000265625000000019	2506	0.5012	0.4986	2e-04	S>C
0.343356694	0.34340191875	0.34310918125	0.0002927375	0.00098437500000001	2546	0.5092	0.4908	0	S>C
0.343700728	0.34349486875	0.34371185625	-0.0002169875	0.000312499999999993	2520	0.504	0.4952	8e-04	S>C
0.371868338	0.371900225	0.37207820625	-0.00017798125	-0.00039062499999995	2483	0.4966	0.5032	2e-04	C>S
0.381922383	0.38231846875	0.38181796875	0.0005005	0.000656249999999969	2541	0.5082	0.4916	2e-04	S>C
0.399414475	0.3990189	0.39950903125	-0.00049013125	-0.000781249999999983	2446	0.4892	0.5106	2e-04	C>S
0.400260348	0.40030805625	0.4000436625	0.00026439375	0.000187499999999952	2511	0.5022	0.4978	0	S>C
0.408076897	0.4079651875	0.40898458125	-0.00101939375	-0.000578124999999985	2471	0.4942	0.5054	4e-04	C>S
0.501616326	0.50173810625	0.5012858	0.000452306249999999	0.000968750000000046	2554	0.5108	0.489	2e-04	S>C
0.51	0.50992566875	0.51023324375	-0.000307575	-0.000593749999999976	2473	0.4946	0.5052	2e-04	C>S
0.513517813	0.51367665	0.5136485125	2.81375000000004e-05	-9.37500000000036e-05	2494	0.4988	0.5006	6e-04	C>S
0.58774894	0.58793995	0.58751014375	0.000429806249999999	-0.000234375000000009	2490	0.498	0.5018	2e-04	C>S
0.68145031	0.6812921125	0.6811473125	0.000144799999999999	-0.000171874999999988	2489	0.4978	0.502	2e-04	C>S
0.729833811	0.72997274375	0.7295777875	0.000394956249999999	0.000218749999999934	2511	0.5022	0.4974	4e-04	S>C
0.738917284	0.73919595	0.7386819875	0.0005139625	0	2498	0.4996	0.4998	6e-04	Same
0.794686472	0.79484014375	0.7943127125	0.00052743125	-0.000187500000000007	2493	0.4986	0.5012	2e-04	C>S
0.806629179	0.80663650625	0.806751925	-0.00011541875	-0.000781249999999956	2444	0.4888	0.5106	6e-04	C>S
0.850355921	0.85004810625	0.849974825	7.32812500000007e-05	-0.000265625000000047	2473	0.4946	0.5044	0.001	C>S
0.85825607	0.85822785625	0.858187575	4.02812500000002e-05	-0.000656249999999969	2448	0.4896	0.5096	8e-04	C>S
0.872349726	0.87222311875	0.87223509375	-1.1975e-05	-6.25000000000764e-05	2492	0.4984	0.5008	8e-04	C>S
0.876635688	0.87678679375	0.8772931875	-0.000506393750000001	-0.000843750000000032	2437	0.4874	0.5124	2e-04	C>S
0.877218834	0.8767587	0.87744144375	-0.00068274375	-0.00128125000000001	2394	0.4788	0.5204	8e-04	C>S
0.88573934	0.8857047375	0.88549744375	0.00020729375	-0.000218750000000045	2473	0.4946	0.5052	2e-04	C>S
0.932031449	0.931999575	0.9318376375	0.000161937499999999	-0.000124999999999931	2489	0.4978	0.5016	6e-04	C>S
0.942777188	0.942716525	0.9425220375	0.0001944875	-0.000171874999999988	2479	0.4958	0.5038	4e-04	C>S
0.943099815	0.94288648125	0.9429985875	-0.000112106250000001	-0.000296874999999974	2466	0.4932	0.5056	0.0012	C>S
0.952971631	0.95311488125	0.95278051875	0.000334362500000001	-0.000281249999999955	2468	0.4936	0.5056	8e-04	C>S
0.954716644	0.9546269875	0.9545689125	5.80750000000004e-05	-0.000468750000000018	2448	0.4896	0.51	4e-04	C>S
0.970602022	0.9707343	0.97072586875	8.43124999999896e-06	-0.000375000000000014	2442	0.4884	0.5112	4e-04	C>S
0.978240844	0.97828343125	0.9783659	-8.24687500000021e-05	-0.000703125000000027	2355	0.471	0.5276	0.0014	C>S
0.983153455	0.98318283125	0.9832289375	-4.61062500000013e-05	-0.000421875000000016	2404	0.4808	0.518	0.0012	C>S
0.989690722	0.98973596875	0.98972286875	1.30999999999994e-05	-0.000499999999999945	2349	0.4698	0.528	0.0022	C>S
0.990537705	0.99056135625	0.9905569125	4.4437500000007e-06	-0.000375000000000014	2379	0.4758	0.5228	0.0014	C>S
0.99136251	0.99136015	0.99128104375	7.91062500000005e-05	-0.000359374999999995	2394	0.4788	0.5192	0.002	C>S
0.993150685	0.9931022375	0.9932370375	-0.000134800000000001	-0.000437500000000091	2338	0.4676	0.5316	8e-04	C>S
0.993630573	0.99366248125	0.99373199375	-6.95124999999999e-05	-0.000531249999999983	2304	0.4608	0.5368	0.0024	C>S
0.994413408	0.99444910625	0.99434618125	0.000102925000000001	-0.000500000000000056	2293	0.4586	0.5386	0.0028	C>S
0.996753247	0.9967531	0.9967191125	3.39875000000008e-05	-0.000406250000000052	2220	0.444	0.548	0.008	C>S
0.997167722	0.997187225	0.99718204375	5.18125000000034e-06	-0.000406249999999941	2178	0.4356	0.5506	0.0138	C>S
1	1	1	0	0	0	0	0	1	Same
1	1	1	0	0	0	0	0	1	Same
